#Distance(Å)	RDF_tot
5.000000000000000104e-03	0.000000000000000000e+00
1.499999999999999944e-02	0.000000000000000000e+00
2.500000000000000139e-02	0.000000000000000000e+00
3.499999999999999639e-02	0.000000000000000000e+00
4.499999999999999833e-02	0.000000000000000000e+00
5.500000000000000028e-02	0.000000000000000000e+00
6.500000000000000222e-02	0.000000000000000000e+00
7.500000000000001110e-02	0.000000000000000000e+00
8.500000000000000611e-02	0.000000000000000000e+00
9.500000000000000111e-02	0.000000000000000000e+00
1.050000000000000100e-01	0.000000000000000000e+00
1.150000000000000050e-01	0.000000000000000000e+00
1.250000000000000000e-01	0.000000000000000000e+00
1.350000000000000089e-01	0.000000000000000000e+00
1.450000000000000178e-01	0.000000000000000000e+00
1.549999999999999989e-01	0.000000000000000000e+00
1.650000000000000078e-01	0.000000000000000000e+00
1.750000000000000167e-01	0.000000000000000000e+00
1.849999999999999978e-01	0.000000000000000000e+00
1.950000000000000067e-01	0.000000000000000000e+00
2.050000000000000155e-01	0.000000000000000000e+00
2.149999999999999967e-01	0.000000000000000000e+00
2.250000000000000056e-01	0.000000000000000000e+00
2.350000000000000144e-01	0.000000000000000000e+00
2.449999999999999956e-01	0.000000000000000000e+00
2.550000000000000044e-01	0.000000000000000000e+00
2.650000000000000133e-01	0.000000000000000000e+00
2.750000000000000222e-01	0.000000000000000000e+00
2.850000000000000311e-01	0.000000000000000000e+00
2.949999999999999845e-01	0.000000000000000000e+00
3.049999999999999933e-01	0.000000000000000000e+00
3.150000000000000022e-01	0.000000000000000000e+00
3.250000000000000111e-01	0.000000000000000000e+00
3.350000000000000200e-01	0.000000000000000000e+00
3.450000000000000289e-01	0.000000000000000000e+00
3.550000000000000377e-01	0.000000000000000000e+00
3.649999999999999911e-01	0.000000000000000000e+00
3.750000000000000000e-01	0.000000000000000000e+00
3.850000000000000089e-01	0.000000000000000000e+00
3.950000000000000178e-01	0.000000000000000000e+00
4.050000000000000266e-01	0.000000000000000000e+00
4.150000000000000355e-01	0.000000000000000000e+00
4.249999999999999889e-01	0.000000000000000000e+00
4.349999999999999978e-01	0.000000000000000000e+00
4.450000000000000067e-01	0.000000000000000000e+00
4.550000000000000155e-01	0.000000000000000000e+00
4.650000000000000244e-01	0.000000000000000000e+00
4.750000000000000333e-01	0.000000000000000000e+00
4.849999999999999867e-01	0.000000000000000000e+00
4.949999999999999956e-01	0.000000000000000000e+00
5.050000000000000044e-01	0.000000000000000000e+00
5.150000000000000133e-01	0.000000000000000000e+00
5.250000000000000222e-01	0.000000000000000000e+00
5.350000000000000311e-01	0.000000000000000000e+00
5.450000000000000400e-01	0.000000000000000000e+00
5.550000000000000488e-01	0.000000000000000000e+00
5.650000000000000577e-01	0.000000000000000000e+00
5.750000000000000666e-01	0.000000000000000000e+00
5.849999999999999645e-01	0.000000000000000000e+00
5.949999999999999734e-01	0.000000000000000000e+00
6.049999999999999822e-01	0.000000000000000000e+00
6.149999999999999911e-01	0.000000000000000000e+00
6.250000000000000000e-01	0.000000000000000000e+00
6.350000000000000089e-01	0.000000000000000000e+00
6.450000000000000178e-01	0.000000000000000000e+00
6.550000000000000266e-01	0.000000000000000000e+00
6.650000000000000355e-01	0.000000000000000000e+00
6.750000000000000444e-01	0.000000000000000000e+00
6.850000000000000533e-01	0.000000000000000000e+00
6.950000000000000622e-01	0.000000000000000000e+00
7.050000000000000711e-01	0.000000000000000000e+00
7.149999999999999689e-01	0.000000000000000000e+00
7.249999999999999778e-01	0.000000000000000000e+00
7.349999999999999867e-01	0.000000000000000000e+00
7.449999999999999956e-01	0.000000000000000000e+00
7.550000000000000044e-01	0.000000000000000000e+00
7.650000000000000133e-01	0.000000000000000000e+00
7.750000000000000222e-01	0.000000000000000000e+00
7.850000000000000311e-01	0.000000000000000000e+00
7.950000000000000400e-01	0.000000000000000000e+00
8.050000000000000488e-01	0.000000000000000000e+00
8.150000000000000577e-01	0.000000000000000000e+00
8.250000000000000666e-01	0.000000000000000000e+00
8.350000000000000755e-01	0.000000000000000000e+00
8.449999999999999734e-01	0.000000000000000000e+00
8.549999999999999822e-01	0.000000000000000000e+00
8.649999999999999911e-01	0.000000000000000000e+00
8.750000000000000000e-01	0.000000000000000000e+00
8.850000000000000089e-01	0.000000000000000000e+00
8.950000000000000178e-01	0.000000000000000000e+00
9.050000000000000266e-01	0.000000000000000000e+00
9.150000000000000355e-01	0.000000000000000000e+00
9.250000000000000444e-01	0.000000000000000000e+00
9.350000000000000533e-01	0.000000000000000000e+00
9.450000000000000622e-01	0.000000000000000000e+00
9.550000000000000711e-01	0.000000000000000000e+00
9.649999999999999689e-01	0.000000000000000000e+00
9.749999999999999778e-01	0.000000000000000000e+00
9.849999999999999867e-01	0.000000000000000000e+00
9.949999999999999956e-01	0.000000000000000000e+00
1.004999999999999893e+00	0.000000000000000000e+00
1.014999999999999902e+00	0.000000000000000000e+00
1.024999999999999911e+00	0.000000000000000000e+00
1.034999999999999920e+00	0.000000000000000000e+00
1.044999999999999929e+00	0.000000000000000000e+00
1.054999999999999938e+00	0.000000000000000000e+00
1.064999999999999947e+00	0.000000000000000000e+00
1.074999999999999956e+00	0.000000000000000000e+00
1.084999999999999964e+00	0.000000000000000000e+00
1.094999999999999973e+00	0.000000000000000000e+00
1.104999999999999982e+00	0.000000000000000000e+00
1.114999999999999991e+00	0.000000000000000000e+00
1.125000000000000000e+00	0.000000000000000000e+00
1.135000000000000009e+00	0.000000000000000000e+00
1.145000000000000018e+00	0.000000000000000000e+00
1.155000000000000027e+00	0.000000000000000000e+00
1.164999999999999813e+00	0.000000000000000000e+00
1.174999999999999822e+00	0.000000000000000000e+00
1.184999999999999831e+00	0.000000000000000000e+00
1.194999999999999840e+00	0.000000000000000000e+00
1.204999999999999849e+00	0.000000000000000000e+00
1.214999999999999858e+00	0.000000000000000000e+00
1.224999999999999867e+00	0.000000000000000000e+00
1.234999999999999876e+00	0.000000000000000000e+00
1.244999999999999885e+00	0.000000000000000000e+00
1.254999999999999893e+00	0.000000000000000000e+00
1.264999999999999902e+00	0.000000000000000000e+00
1.274999999999999911e+00	0.000000000000000000e+00
1.284999999999999920e+00	0.000000000000000000e+00
1.294999999999999929e+00	0.000000000000000000e+00
1.304999999999999938e+00	0.000000000000000000e+00
1.314999999999999947e+00	0.000000000000000000e+00
1.324999999999999956e+00	0.000000000000000000e+00
1.334999999999999964e+00	0.000000000000000000e+00
1.344999999999999973e+00	0.000000000000000000e+00
1.354999999999999982e+00	0.000000000000000000e+00
1.364999999999999991e+00	0.000000000000000000e+00
1.375000000000000000e+00	0.000000000000000000e+00
1.385000000000000009e+00	0.000000000000000000e+00
1.395000000000000018e+00	0.000000000000000000e+00
1.405000000000000027e+00	0.000000000000000000e+00
1.414999999999999813e+00	0.000000000000000000e+00
1.424999999999999822e+00	0.000000000000000000e+00
1.434999999999999831e+00	0.000000000000000000e+00
1.444999999999999840e+00	0.000000000000000000e+00
1.454999999999999849e+00	0.000000000000000000e+00
1.464999999999999858e+00	0.000000000000000000e+00
1.474999999999999867e+00	0.000000000000000000e+00
1.484999999999999876e+00	0.000000000000000000e+00
1.494999999999999885e+00	0.000000000000000000e+00
1.504999999999999893e+00	0.000000000000000000e+00
1.514999999999999902e+00	0.000000000000000000e+00
1.524999999999999911e+00	0.000000000000000000e+00
1.534999999999999920e+00	0.000000000000000000e+00
1.544999999999999929e+00	0.000000000000000000e+00
1.554999999999999938e+00	0.000000000000000000e+00
1.564999999999999947e+00	0.000000000000000000e+00
1.574999999999999956e+00	0.000000000000000000e+00
1.584999999999999964e+00	0.000000000000000000e+00
1.594999999999999973e+00	0.000000000000000000e+00
1.604999999999999982e+00	0.000000000000000000e+00
1.614999999999999991e+00	0.000000000000000000e+00
1.625000000000000000e+00	0.000000000000000000e+00
1.635000000000000009e+00	0.000000000000000000e+00
1.645000000000000018e+00	0.000000000000000000e+00
1.655000000000000027e+00	0.000000000000000000e+00
1.665000000000000036e+00	0.000000000000000000e+00
1.674999999999999822e+00	1.817476585016119422e-04
1.684999999999999831e+00	4.869873620241341183e-04
1.694999999999999840e+00	8.136333538959336295e-04
1.704999999999999849e+00	1.335522248275693852e-03
1.714999999999999858e+00	2.153698888816853348e-03
1.724999999999999867e+00	3.585051650814004807e-03
1.734999999999999876e+00	5.603228732477360044e-03
1.744999999999999885e+00	8.606679271025756417e-03
1.754999999999999893e+00	1.299265290565522132e-02
1.764999999999999902e+00	1.927685840756586388e-02
1.774999999999999911e+00	2.811012603821923597e-02
1.784999999999999920e+00	4.028932839191231435e-02
1.794999999999999929e+00	5.692006571755237054e-02
1.804999999999999938e+00	7.886888518865617370e-02
1.814999999999999947e+00	1.077522558229594002e-01
1.824999999999999956e+00	1.444209113809383493e-01
1.834999999999999964e+00	1.903610598398150500e-01
1.844999999999999973e+00	2.467888833414646488e-01
1.854999999999999982e+00	3.147288010756682519e-01
1.864999999999999991e+00	3.948981840642605268e-01
1.875000000000000000e+00	4.875935775017914420e-01
1.885000000000000009e+00	5.925915569224811108e-01
1.895000000000000018e+00	7.090782046915926617e-01
1.905000000000000027e+00	8.356200198302112803e-01
1.915000000000000036e+00	9.701856222671403351e-01
1.924999999999999822e+00	1.110222035103474614e+00
1.934999999999999831e+00	1.252782232262751760e+00
1.944999999999999840e+00	1.394693049000800489e+00
1.954999999999999849e+00	1.532745772736604284e+00
1.964999999999999858e+00	1.663887113665293960e+00
1.974999999999999867e+00	1.785386917894199232e+00
1.984999999999999876e+00	1.894961543101827406e+00
1.994999999999999885e+00	1.990838175018252887e+00
2.004999999999999893e+00	2.071754657641183162e+00
2.015000000000000124e+00	2.136900104388722799e+00
2.024999999999999911e+00	2.185811704549662782e+00
2.035000000000000142e+00	2.218250761505481172e+00
2.044999999999999929e+00	2.234084505424819067e+00
2.054999999999999716e+00	2.233198772368251817e+00
2.064999999999999947e+00	2.215460361167120418e+00
2.074999999999999734e+00	2.180737879496278619e+00
2.084999999999999964e+00	2.128978062961231377e+00
2.094999999999999751e+00	2.060323188242708881e+00
2.104999999999999982e+00	1.975246520406358064e+00
2.114999999999999769e+00	1.874678412797224247e+00
2.125000000000000000e+00	1.760096507447507008e+00
2.134999999999999787e+00	1.633559221777521220e+00
2.145000000000000018e+00	1.497671153711638947e+00
2.154999999999999805e+00	1.355480316396158180e+00
2.165000000000000036e+00	1.210318087002492327e+00
2.174999999999999822e+00	1.065601466516019835e+00
2.185000000000000053e+00	9.246223048105390863e-01
2.194999999999999840e+00	7.903489449662188804e-01
2.205000000000000071e+00	6.652625164560762583e-01
2.214999999999999858e+00	5.512437965253916827e-01
2.225000000000000089e+00	4.495185436952965907e-01
2.234999999999999876e+00	3.606609919858116409e-01
2.245000000000000107e+00	2.846481087338192384e-01
2.254999999999999893e+00	2.209521966405594839e-01
2.265000000000000124e+00	1.687646464521176948e-01
2.274999999999999911e+00	1.267635825035988151e-01
2.285000000000000142e+00	9.359719246114993341e-02
2.294999999999999929e+00	6.807683837990033404e-02
2.305000000000000160e+00	4.900112123096638655e-02
2.314999999999999947e+00	3.504297539010915730e-02
2.324999999999999734e+00	2.531199638784287220e-02
2.334999999999999964e+00	1.875817506317076222e-02
2.344999999999999751e+00	1.527592725469300097e-02
2.354999999999999982e+00	1.401536389555725973e-02
2.364999999999999769e+00	1.488850557972585913e-02
2.375000000000000000e+00	1.786379451069039503e-02
2.384999999999999787e+00	2.307004764313353232e-02
2.395000000000000018e+00	3.097542887207000925e-02
2.404999999999999805e+00	4.162852435656157896e-02
2.415000000000000036e+00	5.590268714503157654e-02
2.424999999999999822e+00	7.408563944727097894e-02
2.435000000000000053e+00	9.731906439105320050e-02
2.444999999999999840e+00	1.260307153904610400e-01
2.455000000000000071e+00	1.609508615762514083e-01
2.464999999999999858e+00	2.027557093637990526e-01
2.475000000000000089e+00	2.520222046780420944e-01
2.484999999999999876e+00	3.091789012252653679e-01
2.495000000000000107e+00	3.744549752445213153e-01
2.504999999999999893e+00	4.480100514436886616e-01
2.515000000000000124e+00	5.294696004059429306e-01
2.524999999999999911e+00	6.180772870365890403e-01
2.535000000000000142e+00	7.129839871599282786e-01
2.544999999999999929e+00	8.130593026896898445e-01
2.555000000000000160e+00	9.164278682421629352e-01
2.564999999999999947e+00	1.021440846464921837e+00
2.574999999999999734e+00	1.125889870670281789e+00
2.584999999999999964e+00	1.227386657682381532e+00
2.594999999999999751e+00	1.323788286268537284e+00
2.604999999999999982e+00	1.413004260895197151e+00
2.614999999999999769e+00	1.493258637221793084e+00
2.625000000000000000e+00	1.563253802902043521e+00
2.634999999999999787e+00	1.622319745663333368e+00
2.645000000000000018e+00	1.670530903657811761e+00
2.654999999999999805e+00	1.708853787904581312e+00
2.665000000000000036e+00	1.739039771116481337e+00
2.674999999999999822e+00	1.763368000299742500e+00
2.685000000000000053e+00	1.784982771849259464e+00
2.694999999999999840e+00	1.807454999935255380e+00
2.705000000000000071e+00	1.834142242664125177e+00
2.714999999999999858e+00	1.868291268009423689e+00
2.725000000000000089e+00	1.912643515440625608e+00
2.734999999999999876e+00	1.969025634386936119e+00
2.745000000000000107e+00	2.038159631113757086e+00
2.754999999999999893e+00	2.119521323013943359e+00
2.765000000000000124e+00	2.211389788364717113e+00
2.774999999999999911e+00	2.310771428464285293e+00
2.785000000000000142e+00	2.413699458160711409e+00
2.794999999999999929e+00	2.515687230014873599e+00
2.805000000000000160e+00	2.611970086073911901e+00
2.814999999999999947e+00	2.697966920745711761e+00
2.824999999999999734e+00	2.769678773631100821e+00
2.834999999999999964e+00	2.824095328866397026e+00
2.844999999999999751e+00	2.859188788278695714e+00
2.854999999999999982e+00	2.874334063378890747e+00
2.864999999999999769e+00	2.870094702483776850e+00
2.875000000000000000e+00	2.848046528614331496e+00
2.884999999999999787e+00	2.810796202872788641e+00
2.895000000000000018e+00	2.761187853128298286e+00
2.904999999999999805e+00	2.702312168174902496e+00
2.915000000000000036e+00	2.637071807896372189e+00
2.924999999999999822e+00	2.567914302156938611e+00
2.935000000000000053e+00	2.496593037329015718e+00
2.944999999999999840e+00	2.424354897091920868e+00
2.955000000000000071e+00	2.351399218007564240e+00
2.964999999999999858e+00	2.277850358351834359e+00
2.975000000000000089e+00	2.202944933369167302e+00
2.984999999999999876e+00	2.125903605828963094e+00
2.995000000000000107e+00	2.045991392320690938e+00
3.004999999999999893e+00	1.962356011995050054e+00
3.015000000000000124e+00	1.874935041506888611e+00
3.024999999999999911e+00	1.783505264371787913e+00
3.035000000000000142e+00	1.688378987380086294e+00
3.044999999999999929e+00	1.590174449475799889e+00
3.055000000000000160e+00	1.489749546942190639e+00
3.064999999999999947e+00	1.388120079779388893e+00
3.075000000000000178e+00	1.286377729212250909e+00
3.084999999999999964e+00	1.185619435542161648e+00
3.094999999999999751e+00	1.086895011723724158e+00
3.104999999999999982e+00	9.911747946398745679e-01
3.114999999999999769e+00	8.992300607426353398e-01
3.125000000000000000e+00	8.120508124069348854e-01
3.134999999999999787e+00	7.303271514557432287e-01
3.145000000000000018e+00	6.545366591066229534e-01
3.154999999999999805e+00	5.851004324614235141e-01
3.165000000000000036e+00	5.226832162238522761e-01
3.174999999999999822e+00	4.673175669420877032e-01
3.185000000000000053e+00	4.193108346421129395e-01
3.194999999999999840e+00	3.787429239301773887e-01
3.205000000000000071e+00	3.452808997229147581e-01
3.214999999999999858e+00	3.185721689399555467e-01
3.225000000000000089e+00	2.980830338506601507e-01
3.234999999999999876e+00	2.832363418443840097e-01
3.245000000000000107e+00	2.730737830681227440e-01
3.254999999999999893e+00	2.667990453051700683e-01
3.265000000000000124e+00	2.634958089198042308e-01
3.274999999999999911e+00	2.623670050536842657e-01
3.285000000000000142e+00	2.628498817018301570e-01
3.294999999999999929e+00	2.642261092738449890e-01
3.305000000000000160e+00	2.660095008244348636e-01
3.314999999999999947e+00	2.681540463554359377e-01
3.325000000000000178e+00	2.705595440658441486e-01
3.334999999999999964e+00	2.732299885154391150e-01
3.344999999999999751e+00	2.763407412973969968e-01
3.354999999999999982e+00	2.801193043398877425e-01
3.364999999999999769e+00	2.848041925249148454e-01
3.375000000000000000e+00	2.905641660617555022e-01
3.384999999999999787e+00	2.976715430806266549e-01
3.395000000000000018e+00	3.061736813674807989e-01
3.404999999999999805e+00	3.160324050489118353e-01
3.415000000000000036e+00	3.271578977116454956e-01
3.424999999999999822e+00	3.393638497732084924e-01
3.435000000000000053e+00	3.523700147312616160e-01
3.444999999999999840e+00	3.657651941394703954e-01
3.455000000000000071e+00	3.792512970745662848e-01
3.464999999999999858e+00	3.921766151779641496e-01
3.475000000000000089e+00	4.040140523986311960e-01
3.484999999999999876e+00	4.141889747481690698e-01
3.495000000000000107e+00	4.221463968279005607e-01
3.504999999999999893e+00	4.273957423763056207e-01
3.515000000000000124e+00	4.295586107845932311e-01
3.524999999999999911e+00	4.284139695962145278e-01
3.535000000000000142e+00	4.239342365796109346e-01
3.544999999999999929e+00	4.163059079849749100e-01
3.555000000000000160e+00	4.059298229112008327e-01
3.564999999999999947e+00	3.934461081282040196e-01
3.575000000000000178e+00	3.795797303699903202e-01
3.584999999999999964e+00	3.651283362257471410e-01
3.594999999999999751e+00	3.510662678807943138e-01
3.604999999999999982e+00	3.381217489237702267e-01
3.614999999999999769e+00	3.270041004559525732e-01
3.625000000000000000e+00	3.182338454554316520e-01
3.634999999999999787e+00	3.122386051935267526e-01
3.645000000000000018e+00	3.090367913752808393e-01
3.654999999999999805e+00	3.086592520879911650e-01
3.665000000000000036e+00	3.109594444320272766e-01
3.674999999999999822e+00	3.157283409855529133e-01
3.685000000000000053e+00	3.227637642152143549e-01
3.694999999999999840e+00	3.319383712131585562e-01
3.705000000000000071e+00	3.434340352374997685e-01
3.714999999999999858e+00	3.571956244092713284e-01
3.725000000000000089e+00	3.738027300562226651e-01
3.734999999999999876e+00	3.936781925728735088e-01
3.745000000000000107e+00	4.177303552572593226e-01
3.754999999999999893e+00	4.466555284787155911e-01
3.765000000000000124e+00	4.812900379237774473e-01
3.774999999999999911e+00	5.223373634499365314e-01
3.785000000000000142e+00	5.702890908871419695e-01
3.794999999999999929e+00	6.253291993835045082e-01
3.805000000000000160e+00	6.872589181231787414e-01
3.814999999999999947e+00	7.554527742838562654e-01
3.825000000000000178e+00	8.288534372117306592e-01
3.834999999999999964e+00	9.060085516094699143e-01
3.844999999999999751e+00	9.851639845033923759e-01
3.854999999999999982e+00	1.064391756092052166e+00
3.864999999999999769e+00	1.141585913582278788e+00
3.875000000000000000e+00	1.214761882241866431e+00
3.884999999999999787e+00	1.282115188085491075e+00
3.895000000000000018e+00	1.342119007441220147e+00
3.904999999999999805e+00	1.393825147105661300e+00
3.915000000000000036e+00	1.436086446908887870e+00
3.924999999999999822e+00	1.468584160498225266e+00
3.935000000000000053e+00	1.491162214494249127e+00
3.944999999999999840e+00	1.503904670898035922e+00
3.955000000000000071e+00	1.507072560637907177e+00
3.964999999999999858e+00	1.501132202246662439e+00
3.975000000000000089e+00	1.486471350330652363e+00
3.984999999999999876e+00	1.463740892008086547e+00
3.995000000000000107e+00	1.433652527223865825e+00
4.004999999999999893e+00	1.397203158542186019e+00
4.014999999999999680e+00	1.355570682347679412e+00
4.025000000000000355e+00	1.310066976685947182e+00
4.035000000000000142e+00	1.262420005460120453e+00
4.044999999999999929e+00	1.214616784133056626e+00
4.054999999999999716e+00	1.168619206692159684e+00
4.065000000000000391e+00	1.126616406706702378e+00
4.075000000000000178e+00	1.090566738370883693e+00
4.084999999999999964e+00	1.062260975572853816e+00
4.094999999999999751e+00	1.042902214110307924e+00
4.104999999999999538e+00	1.033296471888711210e+00
4.115000000000000213e+00	1.033584866494299259e+00
4.125000000000000000e+00	1.043264699570505716e+00
4.134999999999999787e+00	1.061264487204844453e+00
4.144999999999999574e+00	1.085921408870687888e+00
4.155000000000000249e+00	1.115282665614545143e+00
4.165000000000000036e+00	1.147189284603406412e+00
4.174999999999999822e+00	1.179457979837604809e+00
4.184999999999999609e+00	1.210155189161866929e+00
4.195000000000000284e+00	1.237662982937165257e+00
4.205000000000000071e+00	1.260682823852468548e+00
4.214999999999999858e+00	1.278582074371592769e+00
4.224999999999999645e+00	1.291207375230685628e+00
4.235000000000000320e+00	1.298683139901777972e+00
4.245000000000000107e+00	1.301390062776563994e+00
4.254999999999999893e+00	1.300185567933501707e+00
4.264999999999999680e+00	1.295707029370700925e+00
4.275000000000000355e+00	1.288584196921942038e+00
4.285000000000000142e+00	1.279311502346369700e+00
4.294999999999999929e+00	1.267961613646317875e+00
4.304999999999999716e+00	1.254463657583597680e+00
4.315000000000000391e+00	1.238360488600958931e+00
4.325000000000000178e+00	1.219378909828046975e+00
4.334999999999999964e+00	1.196717347301029966e+00
4.344999999999999751e+00	1.170044630257505380e+00
4.355000000000000426e+00	1.138885032069854475e+00
4.365000000000000213e+00	1.103319801071564576e+00
4.375000000000000000e+00	1.063464161832284649e+00
4.384999999999999787e+00	1.020076186570435972e+00
4.394999999999999574e+00	9.742017721098319427e-01
4.405000000000000249e+00	9.272584558535709176e-01
4.415000000000000036e+00	8.807331487938196979e-01
4.424999999999999822e+00	8.363480815084602948e-01
4.434999999999999609e+00	7.957748061871230405e-01
4.445000000000000284e+00	7.605551479327439246e-01
4.455000000000000071e+00	7.319538949122404992e-01
4.464999999999999858e+00	7.110980178904222626e-01
4.474999999999999645e+00	6.985761307280347054e-01
4.485000000000000320e+00	6.947634888778582152e-01
4.495000000000000107e+00	6.995513122119536575e-01
4.504999999999999893e+00	7.126530588767113761e-01
4.514999999999999680e+00	7.333532041582804251e-01
4.525000000000000355e+00	7.612118494892455844e-01
4.535000000000000142e+00	7.950625623543914333e-01
4.544999999999999929e+00	8.338410235158535411e-01
4.554999999999999716e+00	8.763619158517967911e-01
4.565000000000000391e+00	9.213842499219568882e-01
4.575000000000000178e+00	9.673673983837430823e-01
4.584999999999999964e+00	1.012994618940207925e+00
4.594999999999999751e+00	1.056558249792886484e+00
4.605000000000000426e+00	1.096409919729563587e+00
4.615000000000000213e+00	1.130851908900494918e+00
4.625000000000000000e+00	1.158373735334701893e+00
4.634999999999999787e+00	1.177639490307349712e+00
4.644999999999999574e+00	1.187555960892269447e+00
4.655000000000000249e+00	1.187552375569048912e+00
4.665000000000000036e+00	1.177464810328199940e+00
4.674999999999999822e+00	1.157657962547529173e+00
4.684999999999999609e+00	1.129214403449985582e+00
4.695000000000000284e+00	1.093667308297872953e+00
4.705000000000000071e+00	1.053024666881883675e+00
4.714999999999999858e+00	1.009651197744631412e+00
4.724999999999999645e+00	9.661553559913531597e-01
4.735000000000000320e+00	9.252116306111819455e-01
4.745000000000000107e+00	8.893831473448440272e-01
4.754999999999999893e+00	8.611778865339190236e-01
4.764999999999999680e+00	8.423955267483450582e-01
4.775000000000000355e+00	8.346259301352012550e-01
4.785000000000000142e+00	8.388534132121869824e-01
4.794999999999999929e+00	8.554771773217627606e-01
4.804999999999999716e+00	8.842966150534878889e-01
4.815000000000000391e+00	9.245246550694827814e-01
4.825000000000000178e+00	9.748273145075408985e-01
4.834999999999999964e+00	1.033420967941917068e+00
4.844999999999999751e+00	1.098055338899684763e+00
4.855000000000000426e+00	1.166289728629343658e+00
4.865000000000000213e+00	1.235432002282918829e+00
4.875000000000000000e+00	1.302814626923543440e+00
4.884999999999999787e+00	1.365724584864093760e+00
4.894999999999999574e+00	1.421767006188067839e+00
4.905000000000000249e+00	1.469068370688760838e+00
4.915000000000000036e+00	1.505777686177554253e+00
4.924999999999999822e+00	1.530841426480683332e+00
4.934999999999999609e+00	1.543674850228935691e+00
4.945000000000000284e+00	1.544254197107206128e+00
4.955000000000000071e+00	1.532964146568522201e+00
4.964999999999999858e+00	1.510905028806788231e+00
4.974999999999999645e+00	1.479468003790998853e+00
4.985000000000000320e+00	1.440569730418336913e+00
4.995000000000000107e+00	1.396147359551372480e+00
5.004999999999999893e+00	1.348428744645772781e+00
5.014999999999999680e+00	1.299666131404267455e+00
5.025000000000000355e+00	1.252252821642455105e+00
5.035000000000000142e+00	1.208184485305324296e+00
5.044999999999999929e+00	1.169474162479430923e+00
5.054999999999999716e+00	1.137631353562131409e+00
5.065000000000000391e+00	1.113942606298733651e+00
5.075000000000000178e+00	1.099219960298567944e+00
5.084999999999999964e+00	1.093799351322726654e+00
5.094999999999999751e+00	1.097478474042119512e+00
5.105000000000000426e+00	1.109672814678797081e+00
5.115000000000000213e+00	1.129169614948927425e+00
5.125000000000000000e+00	1.154432922956216689e+00
5.134999999999999787e+00	1.183462431932595038e+00
5.144999999999999574e+00	1.214109596572755301e+00
5.155000000000000249e+00	1.244129105162216753e+00
5.165000000000000036e+00	1.271189700677995749e+00
5.174999999999999822e+00	1.293189610329958272e+00
5.184999999999999609e+00	1.308422091613632210e+00
5.195000000000000284e+00	1.315421221912213667e+00
5.205000000000000071e+00	1.313360355915235589e+00
5.214999999999999858e+00	1.301940910294490550e+00
5.224999999999999645e+00	1.281328763545070526e+00
5.235000000000000320e+00	1.252160953947354383e+00
5.245000000000000107e+00	1.215632950575396443e+00
5.254999999999999893e+00	1.173105649314666765e+00
5.264999999999999680e+00	1.126108777941902339e+00
5.275000000000000355e+00	1.076482705967499953e+00
5.285000000000000142e+00	1.025667066930244120e+00
5.294999999999999929e+00	9.751810152964284217e-01
5.304999999999999716e+00	9.261170016066612165e-01
5.315000000000000391e+00	8.795382660342384584e-01
5.325000000000000178e+00	8.360764601473748003e-01
5.334999999999999964e+00	7.961703724047604069e-01
5.344999999999999751e+00	7.599787036005510865e-01
5.355000000000000426e+00	7.275622410213404834e-01
5.365000000000000213e+00	6.988327174198613045e-01
5.375000000000000000e+00	6.737135704472110298e-01
5.384999999999999787e+00	6.519360141900250039e-01
5.394999999999999574e+00	6.332934362719936372e-01
5.405000000000000249e+00	6.176340733046560283e-01
5.415000000000000036e+00	6.049230289369437186e-01
5.424999999999999822e+00	5.949796314366677663e-01
5.434999999999999609e+00	5.878613381761693679e-01
5.445000000000000284e+00	5.836099341130434048e-01
5.455000000000000071e+00	5.824621555873013001e-01
5.464999999999999858e+00	5.845945873688883632e-01
5.474999999999999645e+00	5.901244326312586885e-01
5.485000000000000320e+00	5.993931415853932521e-01
5.495000000000000107e+00	6.125766775317380564e-01
5.504999999999999893e+00	6.298424617624058808e-01
5.514999999999999680e+00	6.511982288579576394e-01
5.525000000000000355e+00	6.766786232423736003e-01
5.535000000000000142e+00	7.060641114090907555e-01
5.544999999999999929e+00	7.390044987891226658e-01
5.554999999999999716e+00	7.750675335169892044e-01
5.565000000000000391e+00	8.138596119532854889e-01
5.575000000000000178e+00	8.545212201152567744e-01
5.584999999999999964e+00	8.964719492094537223e-01
5.594999999999999751e+00	9.390756624638676442e-01
5.605000000000000426e+00	9.817596326674218332e-01
5.615000000000000213e+00	1.024054784577021593e+00
5.625000000000000000e+00	1.065624129119785879e+00
5.634999999999999787e+00	1.106266726480637841e+00
5.644999999999999574e+00	1.145995092881356703e+00
5.655000000000000249e+00	1.184773310373757438e+00
5.665000000000000036e+00	1.222871452990216712e+00
5.674999999999999822e+00	1.260441030739842372e+00
5.684999999999999609e+00	1.297583032017251448e+00
5.695000000000000284e+00	1.334385369513417796e+00
5.705000000000000071e+00	1.370784021837695210e+00
5.714999999999999858e+00	1.406475535006465272e+00
5.724999999999999645e+00	1.440973646817619747e+00
5.735000000000000320e+00	1.473561851762568597e+00
5.745000000000000107e+00	1.503315818265609671e+00
5.754999999999999893e+00	1.529103556036780054e+00
5.764999999999999680e+00	1.549718423062550698e+00
5.775000000000000355e+00	1.563929223745992303e+00
5.785000000000000142e+00	1.570533257110493297e+00
5.794999999999999929e+00	1.568511775611404202e+00
5.804999999999999716e+00	1.557134928966730003e+00
5.815000000000000391e+00	1.535914568638494737e+00
5.825000000000000178e+00	1.504800436904856209e+00
5.834999999999999964e+00	1.464270919506990731e+00
5.844999999999999751e+00	1.415103142788041168e+00
5.855000000000000426e+00	1.358411078450429077e+00
5.865000000000000213e+00	1.295805010595456830e+00
5.875000000000000000e+00	1.229048634623759462e+00
5.884999999999999787e+00	1.160013009935221273e+00
5.894999999999999574e+00	1.090805230127846137e+00
5.905000000000000249e+00	1.023178939763419226e+00
5.915000000000000036e+00	9.589928751152606567e-01
5.924999999999999822e+00	8.996869863172041182e-01
5.934999999999999609e+00	8.464631751172538854e-01
5.945000000000000284e+00	8.002292989768967635e-01
5.955000000000000071e+00	7.616188442236777600e-01
5.964999999999999858e+00	7.308964147490122354e-01
5.974999999999999645e+00	7.080854498515775086e-01
5.985000000000000320e+00	6.931295230053677869e-01
5.995000000000000107e+00	6.856960353634762306e-01
6.004999999999999893e+00	6.853969949556295571e-01
6.014999999999999680e+00	6.917990807763815253e-01
6.025000000000000355e+00	7.042003887174886900e-01
6.035000000000000142e+00	7.221383074605027819e-01
6.044999999999999929e+00	7.448150376283200202e-01
6.054999999999999716e+00	7.714061113848951212e-01
6.065000000000000391e+00	8.009282647299929003e-01
6.075000000000000178e+00	8.322993322106095881e-01
6.084999999999999964e+00	8.643529446435040953e-01
6.094999999999999751e+00	8.955587103461895015e-01
6.105000000000000426e+00	9.246038295801337625e-01
6.115000000000000213e+00	9.499115442928112163e-01
6.125000000000000000e+00	9.700957736257325159e-01
6.134999999999999787e+00	9.839645808257038162e-01
6.145000000000000462e+00	9.903982192502770454e-01
6.155000000000000249e+00	9.887682910059096830e-01
6.165000000000000036e+00	9.787545988510928385e-01
6.174999999999999822e+00	9.604191435406389532e-01
6.184999999999999609e+00	9.344625807899842318e-01
6.195000000000000284e+00	9.017000736400020422e-01
6.205000000000000071e+00	8.634664346917300115e-01
6.214999999999999858e+00	8.211537767620963324e-01
6.224999999999999645e+00	7.763868181872360941e-01
6.235000000000000320e+00	7.307593877162287255e-01
6.245000000000000107e+00	6.857120847101632055e-01
6.254999999999999893e+00	6.425613294684485721e-01
6.264999999999999680e+00	6.023358945718984003e-01
6.275000000000000355e+00	5.657792972357793548e-01
6.285000000000000142e+00	5.332681143031110516e-01
6.294999999999999929e+00	5.051026728214842443e-01
6.304999999999999716e+00	4.812634402563682468e-01
6.315000000000000391e+00	4.615469582674871507e-01
6.325000000000000178e+00	4.458495350565164772e-01
6.334999999999999964e+00	4.340013933987145744e-01
6.344999999999999751e+00	4.259639764298746023e-01
6.355000000000000426e+00	4.217611865474533706e-01
6.365000000000000213e+00	4.215544029558305761e-01
6.375000000000000000e+00	4.255585169181593796e-01
6.384999999999999787e+00	4.340864803052734699e-01
6.395000000000000462e+00	4.474604746089817509e-01
6.405000000000000249e+00	4.659528571585911383e-01
6.415000000000000036e+00	4.897810163927656113e-01
6.424999999999999822e+00	5.189243571241087816e-01
6.434999999999999609e+00	5.531609500165020066e-01
6.445000000000000284e+00	5.920912848012984675e-01
6.455000000000000071e+00	6.351279571710125582e-01
6.464999999999999858e+00	6.815759365576963269e-01
6.474999999999999645e+00	7.304920526956115712e-01
6.485000000000000320e+00	7.809326171934396488e-01
6.495000000000000107e+00	8.320143891246644108e-01
6.504999999999999893e+00	8.828579990462909199e-01
6.514999999999999680e+00	9.327808774657664337e-01
6.525000000000000355e+00	9.811726480118539984e-01
6.535000000000000142e+00	1.027645461608904576e+00
6.544999999999999929e+00	1.071879646571229694e+00
6.554999999999999716e+00	1.113662073442506895e+00
6.565000000000000391e+00	1.152800959673084824e+00
6.575000000000000178e+00	1.189065082833886233e+00
6.584999999999999964e+00	1.222145103906480568e+00
6.594999999999999751e+00	1.251567194634498170e+00
6.605000000000000426e+00	1.276745205541772288e+00
6.615000000000000213e+00	1.297016164327485122e+00
6.625000000000000000e+00	1.311452815033248509e+00
6.634999999999999787e+00	1.319383476283675138e+00
6.645000000000000462e+00	1.319961006076399324e+00
6.655000000000000249e+00	1.312581352031136683e+00
6.665000000000000036e+00	1.296852906387682802e+00
6.674999999999999822e+00	1.272667593592577973e+00
6.684999999999999609e+00	1.240240015595018175e+00
6.695000000000000284e+00	1.200098609092765001e+00
6.705000000000000071e+00	1.153201241787531250e+00
6.714999999999999858e+00	1.100597226507046278e+00
6.724999999999999645e+00	1.043695821867663742e+00
6.735000000000000320e+00	9.839473711947066548e-01
6.745000000000000107e+00	9.229003581745278684e-01
6.754999999999999893e+00	8.621188336424135956e-01
6.764999999999999680e+00	8.030284926607375029e-01
6.775000000000000355e+00	7.468731026427954944e-01
6.785000000000000142e+00	6.946972262069528448e-01
6.794999999999999929e+00	6.473218547498722497e-01
6.804999999999999716e+00	6.053791345903066778e-01
6.815000000000000391e+00	5.692585343786769059e-01
6.825000000000000178e+00	5.391756867044155133e-01
6.834999999999999964e+00	5.151444584401932980e-01
6.844999999999999751e+00	4.969929081096456924e-01
6.855000000000000426e+00	4.846090820090516171e-01
6.865000000000000213e+00	4.776651822690086147e-01
6.875000000000000000e+00	4.759684531510207095e-01
6.884999999999999787e+00	4.792718898181241305e-01
6.895000000000000462e+00	4.875134368264010809e-01
6.905000000000000249e+00	5.006761596922837398e-01
6.915000000000000036e+00	5.189626011013891427e-01
6.924999999999999822e+00	5.424043972866927632e-01
6.934999999999999609e+00	5.713068797273134214e-01
6.945000000000000284e+00	6.059176135319721546e-01
6.955000000000000071e+00	6.464570411978135533e-01
6.964999999999999858e+00	6.930815112332936456e-01
6.974999999999999645e+00	7.457460248308658279e-01
6.985000000000000320e+00	8.042577090884907021e-01
6.995000000000000107e+00	8.681353123860209298e-01
7.004999999999999893e+00	9.367013405430899553e-01
7.014999999999999680e+00	1.009068742696333176e+00
7.025000000000000355e+00	1.084160508820389834e+00
7.035000000000000142e+00	1.160937948569823464e+00
7.044999999999999929e+00	1.238258899721647710e+00
7.054999999999999716e+00	1.314865939817714047e+00
7.065000000000000391e+00	1.389780103439000047e+00
7.075000000000000178e+00	1.462055281747635993e+00
7.084999999999999964e+00	1.530871429407340001e+00
7.094999999999999751e+00	1.595564982903153295e+00
7.105000000000000426e+00	1.655530355041805679e+00
7.115000000000000213e+00	1.710218514490632113e+00
7.125000000000000000e+00	1.759191797943040037e+00
7.134999999999999787e+00	1.801885223084118470e+00
7.145000000000000462e+00	1.837821761501338358e+00
7.155000000000000249e+00	1.866476130927347432e+00
7.165000000000000036e+00	1.887396269053819520e+00
7.174999999999999822e+00	1.900211146729791967e+00
7.184999999999999609e+00	1.904743541913643368e+00
7.195000000000000284e+00	1.900909229096559239e+00
7.205000000000000071e+00	1.888952538408816828e+00
7.214999999999999858e+00	1.869289763441183139e+00
7.224999999999999645e+00	1.842582492516776860e+00
7.235000000000000320e+00	1.809781552005481409e+00
7.245000000000000107e+00	1.771821276569379711e+00
7.254999999999999893e+00	1.729757334530522828e+00
7.264999999999999680e+00	1.684545481478454843e+00
7.275000000000000355e+00	1.637053586082670043e+00
7.285000000000000142e+00	1.588141208696412399e+00
7.294999999999999929e+00	1.538129800028966487e+00
7.304999999999999716e+00	1.487473453104449783e+00
7.315000000000000391e+00	1.436349635422836002e+00
7.325000000000000178e+00	1.384967965476656238e+00
7.334999999999999964e+00	1.333450591758301718e+00
7.344999999999999751e+00	1.281962820360415645e+00
7.355000000000000426e+00	1.230835557920738843e+00
7.365000000000000213e+00	1.180497108169255682e+00
7.375000000000000000e+00	1.131538792163635732e+00
7.384999999999999787e+00	1.084830073203505663e+00
7.395000000000000462e+00	1.041159294265429969e+00
7.405000000000000249e+00	1.001469258028060638e+00
7.415000000000000036e+00	9.666319029214296421e-01
7.424999999999999822e+00	9.373591404221042200e-01
7.434999999999999609e+00	9.144428144107669132e-01
7.445000000000000284e+00	8.983373628389413890e-01
7.455000000000000071e+00	8.892770645793655060e-01
7.464999999999999858e+00	8.872715417568717289e-01
7.474999999999999645e+00	8.921882848432212132e-01
7.485000000000000320e+00	9.035620938969769478e-01
7.495000000000000107e+00	9.208614608375513821e-01
7.504999999999999893e+00	9.433384884092409495e-01
7.514999999999999680e+00	9.701356256472400963e-01
7.525000000000000355e+00	1.000306267584167408e+00
7.535000000000000142e+00	1.033146503509939862e+00
7.544999999999999929e+00	1.067609583226319270e+00
7.554999999999999716e+00	1.102889817963089492e+00
7.565000000000000391e+00	1.138233190950879825e+00
7.575000000000000178e+00	1.173010328388369938e+00
7.584999999999999964e+00	1.206646878401657075e+00
7.594999999999999751e+00	1.238683201032957815e+00
7.605000000000000426e+00	1.268753484088501082e+00
7.615000000000000213e+00	1.296389332143891959e+00
7.625000000000000000e+00	1.321227500219307016e+00
7.634999999999999787e+00	1.342707885038425974e+00
7.645000000000000462e+00	1.360293657888571595e+00
7.655000000000000249e+00	1.373243869514961357e+00
7.665000000000000036e+00	1.380904909047696361e+00
7.674999999999999822e+00	1.382398097597812958e+00
7.684999999999999609e+00	1.377005491361156686e+00
7.695000000000000284e+00	1.364033700656924086e+00
7.705000000000000071e+00	1.343033971549961958e+00
7.714999999999999858e+00	1.313792005241681826e+00
7.724999999999999645e+00	1.276411286600285910e+00
7.735000000000000320e+00	1.231342267781790234e+00
7.745000000000000107e+00	1.179448734833574708e+00
7.754999999999999893e+00	1.121908575571846534e+00
7.764999999999999680e+00	1.060209306533330009e+00
7.775000000000000355e+00	9.959347558077207285e-01
7.785000000000000142e+00	9.308556788655093506e-01
7.794999999999999929e+00	8.667077647215631897e-01
7.804999999999999716e+00	8.051447168059224779e-01
7.815000000000000391e+00	7.475720137644178420e-01
7.825000000000000178e+00	6.951427592572984038e-01
7.834999999999999964e+00	6.486983513753045161e-01
7.844999999999999751e+00	6.087923062114108941e-01
7.855000000000000426e+00	5.756224571844670290e-01
7.865000000000000213e+00	5.491500067274402985e-01
7.875000000000000000e+00	5.291279881868918844e-01
7.884999999999999787e+00	5.150846114371383511e-01
7.895000000000000462e+00	5.063835244207404163e-01
7.905000000000000249e+00	5.026272986779047880e-01
7.915000000000000036e+00	5.030961776867943769e-01
7.924999999999999822e+00	5.072174589113258580e-01
7.935000000000000497e+00	5.144155984900768974e-01
7.945000000000000284e+00	5.241831683128455044e-01
7.955000000000000071e+00	5.361716331033185012e-01
7.964999999999999858e+00	5.499320097921434058e-01
7.974999999999999645e+00	5.651423471649678065e-01
7.985000000000000320e+00	5.814528194555086404e-01
7.995000000000000107e+00	5.984697846261936016e-01
8.005000000000000782e+00	6.158769109629175231e-01
8.015000000000000568e+00	6.332992462483917340e-01
8.025000000000000355e+00	6.503434509539337549e-01
8.035000000000000142e+00	6.667531562524596778e-01
8.045000000000001705e+00	6.821321280330547854e-01
8.055000000000001492e+00	6.962689549693767965e-01
8.065000000000001279e+00	7.090705412920751405e-01
8.075000000000001066e+00	7.204063881177296125e-01
8.085000000000000853e+00	7.303234905680286992e-01
8.095000000000000639e+00	7.389716309188608667e-01
8.105000000000000426e+00	7.465580778736913281e-01
8.115000000000000213e+00	7.533663381936115400e-01
8.125000000000001776e+00	7.596356067578184934e-01
8.135000000000001563e+00	7.656657809784017665e-01
8.145000000000001350e+00	7.716706653401191884e-01
8.155000000000001137e+00	7.778033284973354666e-01
8.165000000000000924e+00	7.841547093732504914e-01
8.175000000000000711e+00	7.906724481973215202e-01
8.185000000000000497e+00	7.972335077549951299e-01
8.195000000000000284e+00	8.036614913391523229e-01
8.205000000000000071e+00	8.096665213580429565e-01
8.215000000000001634e+00	8.149706804582850239e-01
8.225000000000001421e+00	8.193249266095210537e-01
8.235000000000001208e+00	8.224955297747529315e-01
8.245000000000000995e+00	8.244229366237040280e-01
8.255000000000000782e+00	8.250005743663452185e-01
8.265000000000000568e+00	8.242596000463190409e-01
8.275000000000000355e+00	8.223176520857887750e-01
8.285000000000000142e+00	8.194372624563013296e-01
8.295000000000001705e+00	8.158284715511627816e-01
8.305000000000001492e+00	8.118805388110774679e-01
8.315000000000001279e+00	8.079067353523318173e-01
8.325000000000001066e+00	8.041922335531032084e-01
8.335000000000000853e+00	8.010710989444499441e-01
8.345000000000000639e+00	7.988507790895149618e-01
8.355000000000000426e+00	7.977068669678226698e-01
8.365000000000000213e+00	7.977682917234940607e-01
8.375000000000001776e+00	7.991684837728995072e-01
8.385000000000001563e+00	8.020347574897580545e-01
8.395000000000001350e+00	8.063810521361469696e-01
8.405000000000001137e+00	8.122084341804569618e-01
8.415000000000000924e+00	8.196107762553949128e-01
8.425000000000000711e+00	8.285666946704316471e-01
8.435000000000000497e+00	8.390756584896652548e-01
8.445000000000000284e+00	8.511033874767695018e-01
8.455000000000000071e+00	8.645747434177050161e-01
8.465000000000001634e+00	8.794066338133428307e-01
8.475000000000001421e+00	8.954202303059846102e-01
8.485000000000001208e+00	9.123200875723738168e-01
8.495000000000000995e+00	9.298378493093275576e-01
8.505000000000000782e+00	9.475132632073797190e-01
8.515000000000000568e+00	9.649483125172731990e-01
8.525000000000000355e+00	9.815595390597415815e-01
8.535000000000000142e+00	9.968942615408530328e-01
8.545000000000001705e+00	1.010488348629050126e+00
8.555000000000001492e+00	1.021870971467588429e+00
8.565000000000001279e+00	1.030650961112838049e+00
8.575000000000001066e+00	1.036473132582604428e+00
8.585000000000000853e+00	1.039090313348698613e+00
8.595000000000000639e+00	1.038400098445955599e+00
8.605000000000000426e+00	1.034314938718864818e+00
8.615000000000000213e+00	1.026932311615199156e+00
8.625000000000001776e+00	1.016321943681299134e+00
8.635000000000001563e+00	1.002736879627557309e+00
8.645000000000001350e+00	9.864541834646197715e-01
8.655000000000001137e+00	9.679351971125914611e-01
8.665000000000000924e+00	9.476270836952747079e-01
8.675000000000000711e+00	9.261472421807037669e-01
8.685000000000000497e+00	9.041633409409512989e-01
8.695000000000000284e+00	8.823806128039113350e-01
8.705000000000001847e+00	8.615294493112034546e-01
8.715000000000001634e+00	8.423538354459960686e-01
8.725000000000001421e+00	8.255250673711900244e-01
8.735000000000001208e+00	8.116951539313875807e-01
8.745000000000000995e+00	8.013219486981859596e-01
8.755000000000000782e+00	7.947526019895829741e-01
8.765000000000000568e+00	7.921786970831077301e-01
8.775000000000000355e+00	7.935865497481349173e-01
8.785000000000000142e+00	7.988781663904944708e-01
8.795000000000001705e+00	8.076975241696896513e-01
8.805000000000001492e+00	8.195795498904002718e-01
8.815000000000001279e+00	8.340188786886186811e-01
8.825000000000001066e+00	8.503646902240813432e-01
8.835000000000000853e+00	8.678232861869118464e-01
8.845000000000000639e+00	8.856519120820520730e-01
8.855000000000000426e+00	9.030463728355436759e-01
8.865000000000000213e+00	9.192397775393471582e-01
8.875000000000001776e+00	9.335061856691034832e-01
8.885000000000001563e+00	9.451646972832072890e-01
8.895000000000001350e+00	9.535143380062646168e-01
8.905000000000001137e+00	9.581464911913821769e-01
8.915000000000000924e+00	9.586830007757235483e-01
8.925000000000000711e+00	9.549924606426882789e-01
8.935000000000000497e+00	9.472186669389074387e-01
8.945000000000000284e+00	9.355649321169001720e-01
8.955000000000001847e+00	9.204808398463458774e-01
8.965000000000001634e+00	9.027400296249461498e-01
8.975000000000001421e+00	8.831672856778286507e-01
8.985000000000001208e+00	8.627458475557598927e-01
8.995000000000000995e+00	8.425233416586603852e-01
9.005000000000000782e+00	8.235855139482558540e-01
9.015000000000000568e+00	8.069302490780382309e-01
9.025000000000000355e+00	7.933765209610255109e-01
9.035000000000000142e+00	7.837286548950349596e-01
9.045000000000001705e+00	7.785284212332511666e-01
9.055000000000001492e+00	7.781150499841236190e-01
9.065000000000001279e+00	7.826692778602909462e-01
9.075000000000001066e+00	7.920983785738104910e-01
9.085000000000000853e+00	8.062050330280835508e-01
9.095000000000000639e+00	8.246610863644843192e-01
9.105000000000000426e+00	8.469481634719471241e-01
9.115000000000000213e+00	8.725437502280503077e-01
9.125000000000001776e+00	9.007733727291074022e-01
9.135000000000001563e+00	9.309947565851326434e-01
9.145000000000001350e+00	9.624103985041412290e-01
9.155000000000001137e+00	9.942439998861665185e-01
9.165000000000000924e+00	1.025666010377080051e+00
9.175000000000000711e+00	1.055827787466769419e+00
9.185000000000000497e+00	1.083897815695247235e+00
9.195000000000000284e+00	1.108988925484070132e+00
9.205000000000001847e+00	1.130232754324420608e+00
9.215000000000001634e+00	1.146886905639483922e+00
9.225000000000001421e+00	1.158169073007842664e+00
9.235000000000001208e+00	1.163528772043321835e+00
9.245000000000000995e+00	1.162553567927458564e+00
9.255000000000000782e+00	1.155057674825711533e+00
9.265000000000000568e+00	1.141016106330373203e+00
9.275000000000000355e+00	1.120721674775550403e+00
9.285000000000000142e+00	1.094858561419979059e+00
9.295000000000001705e+00	1.063940161330969580e+00
9.305000000000001492e+00	1.029030424419617562e+00
9.315000000000001279e+00	9.912654896285764128e-01
9.325000000000001066e+00	9.518631424374923711e-01
9.335000000000000853e+00	9.121827468370407033e-01
9.345000000000000639e+00	8.733563725124157129e-01
9.355000000000000426e+00	8.366534301544372720e-01
9.365000000000000213e+00	8.030869392991243361e-01
9.375000000000001776e+00	7.736110941083395032e-01
9.385000000000001563e+00	7.489625261443153548e-01
9.395000000000001350e+00	7.297527122692309964e-01
9.405000000000001137e+00	7.165192116626880603e-01
9.415000000000000924e+00	7.095597474359243151e-01
9.425000000000000711e+00	7.092040629185054623e-01
9.435000000000000497e+00	7.156707033570676169e-01
9.445000000000000284e+00	7.291563224796854259e-01
9.455000000000001847e+00	7.497582065395624884e-01
9.465000000000001634e+00	7.774987954119740863e-01
9.475000000000001421e+00	8.122290266598231057e-01
9.485000000000001208e+00	8.536706253040599046e-01
9.495000000000000995e+00	9.011935286741480367e-01
9.505000000000000782e+00	9.540167482340338179e-01
9.515000000000000568e+00	1.010907629561208720e+00
9.525000000000000355e+00	1.070401900127047501e+00
9.535000000000000142e+00	1.130745472108178440e+00
9.545000000000001705e+00	1.189950337472114539e+00
9.555000000000001492e+00	1.246041375356658376e+00
9.565000000000001279e+00	1.297019805080629862e+00
9.575000000000001066e+00	1.340990013957775062e+00
9.585000000000000853e+00	1.376400430116341278e+00
9.595000000000000639e+00	1.402065281700374255e+00
9.605000000000000426e+00	1.417333646857013907e+00
9.615000000000000213e+00	1.421991534002025270e+00
9.625000000000001776e+00	1.416425520593353360e+00
9.635000000000001563e+00	1.401471807662473257e+00
9.645000000000001350e+00	1.378274187570490472e+00
9.655000000000001137e+00	1.348355906534246973e+00
9.665000000000000924e+00	1.313345146675640729e+00
9.675000000000000711e+00	1.274906388235688581e+00
9.685000000000000497e+00	1.234724020499775143e+00
9.695000000000000284e+00	1.194184063978383836e+00
9.705000000000001847e+00	1.154491073762687448e+00
9.715000000000001634e+00	1.116573304153027024e+00
9.725000000000001421e+00	1.081026894962408669e+00
9.735000000000001208e+00	1.048220187612444843e+00
9.745000000000000995e+00	1.018286041322749469e+00
9.755000000000000782e+00	9.911292347247163681e-01
9.765000000000000568e+00	9.665288804452558669e-01
9.775000000000000355e+00	9.441715858347008439e-01
9.785000000000000142e+00	9.236828737090675423e-01
9.795000000000001705e+00	9.047288589779384216e-01
9.805000000000001492e+00	8.869635486242120059e-01
9.815000000000001279e+00	8.701309139040847018e-01
9.825000000000001066e+00	8.540485747102796177e-01
9.835000000000000853e+00	8.386405056868037056e-01
9.845000000000000639e+00	8.238215197444783700e-01
9.855000000000000426e+00	8.096215798247113904e-01
9.865000000000000213e+00	7.961102075663311073e-01
9.875000000000001776e+00	7.834293437273214256e-01
9.885000000000001563e+00	7.717030464620877606e-01
9.895000000000001350e+00	7.609776543342234856e-01
9.905000000000001137e+00	7.516031529827427171e-01
9.915000000000000924e+00	7.435276662189335140e-01
9.925000000000000711e+00	7.367358347573995658e-01
9.935000000000000497e+00	7.312361102856906880e-01
9.945000000000000284e+00	7.268990794469083472e-01
9.955000000000001847e+00	7.236968700509440744e-01
9.965000000000001634e+00	7.214066003189996135e-01
9.975000000000001421e+00	7.198965645279071790e-01
9.985000000000001208e+00	7.189474399626527568e-01
9.995000000000000995e+00	7.185359283285291943e-01
