#Distance(Å)	RDF_tot
5.000000000000000104e-03	0.000000000000000000e+00
1.499999999999999944e-02	0.000000000000000000e+00
2.500000000000000139e-02	0.000000000000000000e+00
3.499999999999999639e-02	0.000000000000000000e+00
4.499999999999999833e-02	0.000000000000000000e+00
5.500000000000000028e-02	0.000000000000000000e+00
6.500000000000000222e-02	0.000000000000000000e+00
7.500000000000001110e-02	0.000000000000000000e+00
8.500000000000000611e-02	0.000000000000000000e+00
9.500000000000000111e-02	0.000000000000000000e+00
1.050000000000000100e-01	0.000000000000000000e+00
1.150000000000000050e-01	0.000000000000000000e+00
1.250000000000000000e-01	0.000000000000000000e+00
1.350000000000000089e-01	0.000000000000000000e+00
1.450000000000000178e-01	0.000000000000000000e+00
1.549999999999999989e-01	0.000000000000000000e+00
1.650000000000000078e-01	0.000000000000000000e+00
1.750000000000000167e-01	0.000000000000000000e+00
1.849999999999999978e-01	0.000000000000000000e+00
1.950000000000000067e-01	0.000000000000000000e+00
2.050000000000000155e-01	0.000000000000000000e+00
2.149999999999999967e-01	0.000000000000000000e+00
2.250000000000000056e-01	0.000000000000000000e+00
2.350000000000000144e-01	0.000000000000000000e+00
2.449999999999999956e-01	0.000000000000000000e+00
2.550000000000000044e-01	0.000000000000000000e+00
2.650000000000000133e-01	0.000000000000000000e+00
2.750000000000000222e-01	0.000000000000000000e+00
2.850000000000000311e-01	0.000000000000000000e+00
2.949999999999999845e-01	0.000000000000000000e+00
3.049999999999999933e-01	0.000000000000000000e+00
3.150000000000000022e-01	0.000000000000000000e+00
3.250000000000000111e-01	0.000000000000000000e+00
3.350000000000000200e-01	0.000000000000000000e+00
3.450000000000000289e-01	0.000000000000000000e+00
3.550000000000000377e-01	0.000000000000000000e+00
3.649999999999999911e-01	0.000000000000000000e+00
3.750000000000000000e-01	0.000000000000000000e+00
3.850000000000000089e-01	0.000000000000000000e+00
3.950000000000000178e-01	0.000000000000000000e+00
4.050000000000000266e-01	0.000000000000000000e+00
4.150000000000000355e-01	0.000000000000000000e+00
4.249999999999999889e-01	0.000000000000000000e+00
4.349999999999999978e-01	0.000000000000000000e+00
4.450000000000000067e-01	0.000000000000000000e+00
4.550000000000000155e-01	0.000000000000000000e+00
4.650000000000000244e-01	0.000000000000000000e+00
4.750000000000000333e-01	0.000000000000000000e+00
4.849999999999999867e-01	0.000000000000000000e+00
4.949999999999999956e-01	0.000000000000000000e+00
5.050000000000000044e-01	0.000000000000000000e+00
5.150000000000000133e-01	0.000000000000000000e+00
5.250000000000000222e-01	0.000000000000000000e+00
5.350000000000000311e-01	0.000000000000000000e+00
5.450000000000000400e-01	0.000000000000000000e+00
5.550000000000000488e-01	0.000000000000000000e+00
5.650000000000000577e-01	0.000000000000000000e+00
5.750000000000000666e-01	0.000000000000000000e+00
5.849999999999999645e-01	0.000000000000000000e+00
5.949999999999999734e-01	0.000000000000000000e+00
6.049999999999999822e-01	0.000000000000000000e+00
6.149999999999999911e-01	0.000000000000000000e+00
6.250000000000000000e-01	0.000000000000000000e+00
6.350000000000000089e-01	0.000000000000000000e+00
6.450000000000000178e-01	0.000000000000000000e+00
6.550000000000000266e-01	0.000000000000000000e+00
6.650000000000000355e-01	0.000000000000000000e+00
6.750000000000000444e-01	0.000000000000000000e+00
6.850000000000000533e-01	0.000000000000000000e+00
6.950000000000000622e-01	0.000000000000000000e+00
7.050000000000000711e-01	0.000000000000000000e+00
7.149999999999999689e-01	0.000000000000000000e+00
7.249999999999999778e-01	0.000000000000000000e+00
7.349999999999999867e-01	0.000000000000000000e+00
7.449999999999999956e-01	0.000000000000000000e+00
7.550000000000000044e-01	0.000000000000000000e+00
7.650000000000000133e-01	0.000000000000000000e+00
7.750000000000000222e-01	0.000000000000000000e+00
7.850000000000000311e-01	0.000000000000000000e+00
7.950000000000000400e-01	0.000000000000000000e+00
8.050000000000000488e-01	0.000000000000000000e+00
8.150000000000000577e-01	0.000000000000000000e+00
8.250000000000000666e-01	0.000000000000000000e+00
8.350000000000000755e-01	0.000000000000000000e+00
8.449999999999999734e-01	0.000000000000000000e+00
8.549999999999999822e-01	0.000000000000000000e+00
8.649999999999999911e-01	0.000000000000000000e+00
8.750000000000000000e-01	0.000000000000000000e+00
8.850000000000000089e-01	0.000000000000000000e+00
8.950000000000000178e-01	0.000000000000000000e+00
9.050000000000000266e-01	0.000000000000000000e+00
9.150000000000000355e-01	0.000000000000000000e+00
9.250000000000000444e-01	0.000000000000000000e+00
9.350000000000000533e-01	0.000000000000000000e+00
9.450000000000000622e-01	0.000000000000000000e+00
9.550000000000000711e-01	0.000000000000000000e+00
9.649999999999999689e-01	0.000000000000000000e+00
9.749999999999999778e-01	0.000000000000000000e+00
9.849999999999999867e-01	0.000000000000000000e+00
9.949999999999999956e-01	0.000000000000000000e+00
1.004999999999999893e+00	0.000000000000000000e+00
1.014999999999999902e+00	0.000000000000000000e+00
1.024999999999999911e+00	0.000000000000000000e+00
1.034999999999999920e+00	0.000000000000000000e+00
1.044999999999999929e+00	0.000000000000000000e+00
1.054999999999999938e+00	0.000000000000000000e+00
1.064999999999999947e+00	0.000000000000000000e+00
1.074999999999999956e+00	0.000000000000000000e+00
1.084999999999999964e+00	0.000000000000000000e+00
1.094999999999999973e+00	0.000000000000000000e+00
1.104999999999999982e+00	0.000000000000000000e+00
1.114999999999999991e+00	0.000000000000000000e+00
1.125000000000000000e+00	0.000000000000000000e+00
1.135000000000000009e+00	0.000000000000000000e+00
1.145000000000000018e+00	0.000000000000000000e+00
1.155000000000000027e+00	0.000000000000000000e+00
1.164999999999999813e+00	0.000000000000000000e+00
1.174999999999999822e+00	0.000000000000000000e+00
1.184999999999999831e+00	0.000000000000000000e+00
1.194999999999999840e+00	0.000000000000000000e+00
1.204999999999999849e+00	0.000000000000000000e+00
1.214999999999999858e+00	0.000000000000000000e+00
1.224999999999999867e+00	0.000000000000000000e+00
1.234999999999999876e+00	0.000000000000000000e+00
1.244999999999999885e+00	0.000000000000000000e+00
1.254999999999999893e+00	0.000000000000000000e+00
1.264999999999999902e+00	0.000000000000000000e+00
1.274999999999999911e+00	0.000000000000000000e+00
1.284999999999999920e+00	0.000000000000000000e+00
1.294999999999999929e+00	0.000000000000000000e+00
1.304999999999999938e+00	0.000000000000000000e+00
1.314999999999999947e+00	0.000000000000000000e+00
1.324999999999999956e+00	0.000000000000000000e+00
1.334999999999999964e+00	0.000000000000000000e+00
1.344999999999999973e+00	0.000000000000000000e+00
1.354999999999999982e+00	0.000000000000000000e+00
1.364999999999999991e+00	0.000000000000000000e+00
1.375000000000000000e+00	0.000000000000000000e+00
1.385000000000000009e+00	0.000000000000000000e+00
1.395000000000000018e+00	0.000000000000000000e+00
1.405000000000000027e+00	0.000000000000000000e+00
1.414999999999999813e+00	0.000000000000000000e+00
1.424999999999999822e+00	0.000000000000000000e+00
1.434999999999999831e+00	0.000000000000000000e+00
1.444999999999999840e+00	0.000000000000000000e+00
1.454999999999999849e+00	0.000000000000000000e+00
1.464999999999999858e+00	0.000000000000000000e+00
1.474999999999999867e+00	0.000000000000000000e+00
1.484999999999999876e+00	0.000000000000000000e+00
1.494999999999999885e+00	0.000000000000000000e+00
1.504999999999999893e+00	0.000000000000000000e+00
1.514999999999999902e+00	0.000000000000000000e+00
1.524999999999999911e+00	0.000000000000000000e+00
1.534999999999999920e+00	0.000000000000000000e+00
1.544999999999999929e+00	0.000000000000000000e+00
1.554999999999999938e+00	0.000000000000000000e+00
1.564999999999999947e+00	0.000000000000000000e+00
1.574999999999999956e+00	0.000000000000000000e+00
1.584999999999999964e+00	0.000000000000000000e+00
1.594999999999999973e+00	0.000000000000000000e+00
1.604999999999999982e+00	0.000000000000000000e+00
1.614999999999999991e+00	0.000000000000000000e+00
1.625000000000000000e+00	0.000000000000000000e+00
1.635000000000000009e+00	0.000000000000000000e+00
1.645000000000000018e+00	0.000000000000000000e+00
1.655000000000000027e+00	0.000000000000000000e+00
1.665000000000000036e+00	0.000000000000000000e+00
1.674999999999999822e+00	3.541837566356264341e-04
1.684999999999999831e+00	5.984005282560576205e-04
1.694999999999999840e+00	1.340312895872707586e-03
1.704999999999999849e+00	2.205870583850666564e-03
1.714999999999999858e+00	3.567304899765771746e-03
1.724999999999999867e+00	5.668766536974729001e-03
1.734999999999999876e+00	8.851702269134453793e-03
1.744999999999999885e+00	1.358177795673373017e-02
1.754999999999999893e+00	2.047763227584661200e-02
1.764999999999999902e+00	3.033875729614404076e-02
1.774999999999999911e+00	4.416847237588949343e-02
1.784999999999999920e+00	6.318661368092780284e-02
1.794999999999999929e+00	8.882545015393190913e-02
1.804999999999999938e+00	1.227017795470041472e-01
1.814999999999999947e+00	1.665585138973946777e-01
1.824999999999999956e+00	2.221706644483270598e-01
1.834999999999999964e+00	2.915167875996709790e-01
1.844999999999999973e+00	3.756088698806009929e-01
1.854999999999999982e+00	4.756191411639336120e-01
1.864999999999999991e+00	5.919002602507789090e-01
1.875000000000000000e+00	7.239723262115569380e-01
1.885000000000000009e+00	8.703688662053388203e-01
1.895000000000000018e+00	1.028544702722720583e+00
1.905000000000000027e+00	1.194870165146546315e+00
1.915000000000000036e+00	1.364729604800372087e+00
1.924999999999999822e+00	1.532731536697134800e+00
1.934999999999999831e+00	1.693023946994858697e+00
1.944999999999999840e+00	1.839693132074886828e+00
1.954999999999999849e+00	1.967210197385367287e+00
1.964999999999999858e+00	2.070878559564068855e+00
1.974999999999999867e+00	2.147230705555812413e+00
1.984999999999999876e+00	2.194324557693323463e+00
1.994999999999999885e+00	2.211899438123134054e+00
2.004999999999999893e+00	2.201367877578328081e+00
2.015000000000000124e+00	2.165640196206222168e+00
2.024999999999999911e+00	2.108800814595026552e+00
2.035000000000000142e+00	2.035675167869714031e+00
2.044999999999999929e+00	1.951340676196464230e+00
2.054999999999999716e+00	1.860642093098557659e+00
2.064999999999999947e+00	1.767769613846917887e+00
2.074999999999999734e+00	1.675947767964438562e+00
2.084999999999999964e+00	1.587266131193051599e+00
2.094999999999999751e+00	1.502662118806047609e+00
2.104999999999999982e+00	1.422044936288551442e+00
2.114999999999999769e+00	1.344531456122232793e+00
2.125000000000000000e+00	1.268752004247626353e+00
2.134999999999999787e+00	1.193178354254543327e+00
2.145000000000000018e+00	1.116427951967427834e+00
2.154999999999999805e+00	1.037506611489712016e+00
2.165000000000000036e+00	9.559647493357230630e-01
2.174999999999999822e+00	8.719572076466630683e-01
2.185000000000000053e+00	7.862113222587985284e-01
2.194999999999999840e+00	6.999199295915303765e-01
2.205000000000000071e+00	6.145839742915764070e-01
2.214999999999999858e+00	5.318326287554492326e-01
2.225000000000000089e+00	4.532475701240964994e-01
2.234999999999999876e+00	3.802131815777736179e-01
2.245000000000000107e+00	3.138072928581131515e-01
2.254999999999999893e+00	2.547391297576597768e-01
2.265000000000000124e+00	2.033337472807939528e-01
2.274999999999999911e+00	1.595563788999236343e-01
2.285000000000000142e+00	1.228604589545296971e-01
2.294999999999999929e+00	9.317145349548482114e-02
2.305000000000000160e+00	6.922593036431712310e-02
2.314999999999999947e+00	5.071716419435277901e-02
2.324999999999999734e+00	3.650230862843607121e-02
2.334999999999999964e+00	2.580862767452559575e-02
2.344999999999999751e+00	1.792621914016619480e-02
2.354999999999999982e+00	1.223183739770777705e-02
2.364999999999999769e+00	8.588289901809749091e-03
2.375000000000000000e+00	6.056571211190888739e-03
2.384999999999999787e+00	4.583767550014381138e-03
2.395000000000000018e+00	3.998504883538518337e-03
2.404999999999999805e+00	4.423822603465154581e-03
2.415000000000000036e+00	5.652312045420303417e-03
2.424999999999999822e+00	8.158121216476854620e-03
2.435000000000000053e+00	1.200530988109791211e-02
2.444999999999999840e+00	1.760536709455413559e-02
2.455000000000000071e+00	2.603675206989530463e-02
2.464999999999999858e+00	3.785421163259664740e-02
2.475000000000000089e+00	5.410645706592950854e-02
2.484999999999999876e+00	7.603515660709800339e-02
2.495000000000000107e+00	1.052361101145793953e-01
2.504999999999999893e+00	1.430349473184744369e-01
2.515000000000000124e+00	1.911910815762686566e-01
2.524999999999999911e+00	2.513495022741935592e-01
2.535000000000000142e+00	3.253660824799002871e-01
2.544999999999999929e+00	4.140242267559480216e-01
2.555000000000000160e+00	5.183723104529353032e-01
2.564999999999999947e+00	6.386837143699509722e-01
2.574999999999999734e+00	7.745189615428922369e-01
2.584999999999999964e+00	9.246235063068639626e-01
2.594999999999999751e+00	1.087126363752210612e+00
2.604999999999999982e+00	1.258741167786701309e+00
2.614999999999999769e+00	1.435939785194520368e+00
2.625000000000000000e+00	1.614494225492678403e+00
2.634999999999999787e+00	1.789867775032052410e+00
2.645000000000000018e+00	1.957511701124594161e+00
2.654999999999999805e+00	2.113183509545962124e+00
2.665000000000000036e+00	2.253253501289086635e+00
2.674999999999999822e+00	2.374965008931197108e+00
2.685000000000000053e+00	2.476617020028989202e+00
2.694999999999999840e+00	2.557953824569938028e+00
2.705000000000000071e+00	2.619114063071053877e+00
2.714999999999999858e+00	2.661982596948818891e+00
2.725000000000000089e+00	2.688663767229083845e+00
2.734999999999999876e+00	2.702027180548411955e+00
2.745000000000000107e+00	2.704995712631521165e+00
2.754999999999999893e+00	2.700325556648015990e+00
2.765000000000000124e+00	2.690347821784040860e+00
2.774999999999999911e+00	2.676790047563167185e+00
2.785000000000000142e+00	2.660695882762392994e+00
2.794999999999999929e+00	2.642447072056580026e+00
2.805000000000000160e+00	2.621877524440878293e+00
2.814999999999999947e+00	2.598456693961197939e+00
2.824999999999999734e+00	2.571510547299508787e+00
2.834999999999999964e+00	2.540444208363936252e+00
2.844999999999999751e+00	2.504931417575741559e+00
2.854999999999999982e+00	2.465041931948717568e+00
2.864999999999999769e+00	2.421287959663092959e+00
2.875000000000000000e+00	2.374583201065517457e+00
2.884999999999999787e+00	2.326189389596386103e+00
2.895000000000000018e+00	2.277307665180924978e+00
2.904999999999999805e+00	2.229158749641853010e+00
2.915000000000000036e+00	2.182593026653163015e+00
2.924999999999999822e+00	2.137950700897485401e+00
2.935000000000000053e+00	2.094947364233701315e+00
2.944999999999999840e+00	2.052645526595023640e+00
2.955000000000000071e+00	2.009520897570572728e+00
2.964999999999999858e+00	1.963877656273820271e+00
2.975000000000000089e+00	1.912991788255460346e+00
2.984999999999999876e+00	1.855512178715063687e+00
2.995000000000000107e+00	1.789386912934415985e+00
3.004999999999999893e+00	1.713559845769083712e+00
3.015000000000000124e+00	1.627666226981484110e+00
3.024999999999999911e+00	1.532625797058787542e+00
3.035000000000000142e+00	1.429722272307339725e+00
3.044999999999999929e+00	1.321618310371329930e+00
3.055000000000000160e+00	1.211184335981873916e+00
3.064999999999999947e+00	1.101879682560277907e+00
3.075000000000000178e+00	9.972982342348761797e-01
3.084999999999999964e+00	9.008971284555371550e-01
3.094999999999999751e+00	8.157498455796798886e-01
3.104999999999999982e+00	7.442417887263808041e-01
3.114999999999999769e+00	6.883820995636880102e-01
3.125000000000000000e+00	6.489547191346781707e-01
3.134999999999999787e+00	6.260837507527694523e-01
3.145000000000000018e+00	6.188870904295665776e-01
3.154999999999999805e+00	6.264321182412124767e-01
3.165000000000000036e+00	6.463434431007549774e-01
3.174999999999999822e+00	6.760654721583339022e-01
3.185000000000000053e+00	7.126559255718241115e-01
3.194999999999999840e+00	7.529320430287234078e-01
3.205000000000000071e+00	7.934793308297218850e-01
3.214999999999999858e+00	8.314445232422895682e-01
3.225000000000000089e+00	8.637296036660743193e-01
3.234999999999999876e+00	8.875949361515171887e-01
3.245000000000000107e+00	9.010334487451490126e-01
3.254999999999999893e+00	9.025983393613659089e-01
3.265000000000000124e+00	8.915468163437467730e-01
3.274999999999999911e+00	8.678756338640316592e-01
3.285000000000000142e+00	8.323076884984744739e-01
3.294999999999999929e+00	7.862289204702951340e-01
3.305000000000000160e+00	7.314009178963228885e-01
3.314999999999999947e+00	6.706101600981888566e-01
3.325000000000000178e+00	6.060762985106008527e-01
3.334999999999999964e+00	5.406933862623870546e-01
3.344999999999999751e+00	4.768991960600533764e-01
3.354999999999999982e+00	4.172440370786751340e-01
3.364999999999999769e+00	3.634418991705858359e-01
3.375000000000000000e+00	3.171934513466960759e-01
3.384999999999999787e+00	2.796145445281154052e-01
3.395000000000000018e+00	2.513505938438049259e-01
3.404999999999999805e+00	2.325984129922803179e-01
3.415000000000000036e+00	2.231494385139093373e-01
3.424999999999999822e+00	2.224481789542995802e-01
3.435000000000000053e+00	2.297597044665441457e-01
3.444999999999999840e+00	2.439162377074911570e-01
3.455000000000000071e+00	2.638259369845878388e-01
3.464999999999999858e+00	2.882974990145019678e-01
3.475000000000000089e+00	3.161750139381551694e-01
3.484999999999999876e+00	3.464089410493945143e-01
3.495000000000000107e+00	3.780762107528682914e-01
3.504999999999999893e+00	4.105983382146455862e-01
3.515000000000000124e+00	4.434662255528251662e-01
3.524999999999999911e+00	4.764602333472959250e-01
3.535000000000000142e+00	5.095484596728372395e-01
3.544999999999999929e+00	5.428269341102406331e-01
3.555000000000000160e+00	5.764396618057467947e-01
3.564999999999999947e+00	6.104881431945489156e-01
3.575000000000000178e+00	6.447917700738052815e-01
3.584999999999999964e+00	6.794808507374303641e-01
3.594999999999999751e+00	7.138232294192290439e-01
3.604999999999999982e+00	7.470713753168727322e-01
3.614999999999999769e+00	7.782292377075574752e-01
3.625000000000000000e+00	8.061136671756852223e-01
3.634999999999999787e+00	8.294443162214943932e-01
3.645000000000000018e+00	8.469510300225679966e-01
3.654999999999999805e+00	8.574854624346630594e-01
3.665000000000000036e+00	8.602992661443773503e-01
3.674999999999999822e+00	8.548937428685825513e-01
3.685000000000000053e+00	8.408111895063317132e-01
3.694999999999999840e+00	8.182982280322338431e-01
3.705000000000000071e+00	7.880767622274852391e-01
3.714999999999999858e+00	7.511904015529342615e-01
3.725000000000000089e+00	7.090422822594113494e-01
3.734999999999999876e+00	6.633471595842712620e-01
3.745000000000000107e+00	6.160800356228728347e-01
3.754999999999999893e+00	5.694255855509031683e-01
3.765000000000000124e+00	5.257298019370002518e-01
3.774999999999999911e+00	4.874522626107785639e-01
3.785000000000000142e+00	4.571147818301411481e-01
3.794999999999999929e+00	4.372404059552729150e-01
3.805000000000000160e+00	4.302761477313767347e-01
3.814999999999999947e+00	4.384937823680673530e-01
3.825000000000000178e+00	4.638655683250617612e-01
3.834999999999999964e+00	5.078511782513340789e-01
3.844999999999999751e+00	5.715176706045428379e-01
3.854999999999999982e+00	6.548847595824329737e-01
3.864999999999999769e+00	7.571339825305700710e-01
3.875000000000000000e+00	8.763722046399262666e-01
3.884999999999999787e+00	1.009563921038009848e+00
3.895000000000000018e+00	1.152543642042458849e+00
3.904999999999999805e+00	1.300125351489191505e+00
3.915000000000000036e+00	1.446316703355436051e+00
3.924999999999999822e+00	1.584633292613708999e+00
3.935000000000000053e+00	1.708494566069626686e+00
3.944999999999999840e+00	1.811669821662951652e+00
3.955000000000000071e+00	1.888961479063992588e+00
3.964999999999999858e+00	1.935742707270138308e+00
3.975000000000000089e+00	1.949818558923059442e+00
3.984999999999999876e+00	1.930152141834827750e+00
3.995000000000000107e+00	1.877752069390446144e+00
4.004999999999999893e+00	1.795380853306712376e+00
4.014999999999999680e+00	1.687400987415357267e+00
4.025000000000000355e+00	1.559185521341293734e+00
4.035000000000000142e+00	1.417021834003687530e+00
4.044999999999999929e+00	1.267415638790881260e+00
4.054999999999999716e+00	1.116958561672030781e+00
4.065000000000000391e+00	9.715235639597259443e-01
4.075000000000000178e+00	8.363027779733001044e-01
4.084999999999999964e+00	7.155155383466926811e-01
4.094999999999999751e+00	6.123126144590020914e-01
4.104999999999999538e+00	5.289083951616321277e-01
4.115000000000000213e+00	4.661652632268042384e-01
4.125000000000000000e+00	4.243127096059997605e-01
4.134999999999999787e+00	4.027033421821825110e-01
4.144999999999999574e+00	4.000224175150172701e-01
4.155000000000000249e+00	4.144770775653993100e-01
4.165000000000000036e+00	4.436742422224428384e-01
4.174999999999999822e+00	4.850226934750591634e-01
4.184999999999999609e+00	5.356503185940241218e-01
4.195000000000000284e+00	5.925445583736481669e-01
4.205000000000000071e+00	6.526613253669424353e-01
4.214999999999999858e+00	7.130447286065810797e-01
4.224999999999999645e+00	7.709546664355521051e-01
4.235000000000000320e+00	8.239945009227818140e-01
4.245000000000000107e+00	8.702941361938275611e-01
4.254999999999999893e+00	9.084465658371158048e-01
4.264999999999999680e+00	9.376326580093745644e-01
4.275000000000000355e+00	9.576451050212753113e-01
4.285000000000000142e+00	9.689638933019100175e-01
4.294999999999999929e+00	9.727674396089732722e-01
4.304999999999999716e+00	9.702054209026648168e-01
4.315000000000000391e+00	9.626654570297119573e-01
4.325000000000000178e+00	9.516985008141792823e-01
4.334999999999999964e+00	9.387407030548778897e-01
4.344999999999999751e+00	9.249923962308960190e-01
4.355000000000000426e+00	9.114642748698265073e-01
4.365000000000000213e+00	8.985205769425341771e-01
4.375000000000000000e+00	8.864466158114487904e-01
4.384999999999999787e+00	8.751753384020491966e-01
4.394999999999999574e+00	8.645707985484238911e-01
4.405000000000000249e+00	8.542360079330891809e-01
4.415000000000000036e+00	8.437420214766392368e-01
4.424999999999999822e+00	8.329319003645381247e-01
4.434999999999999609e+00	8.217323300980290401e-01
4.445000000000000284e+00	8.103177139487329761e-01
4.455000000000000071e+00	7.989074049582600701e-01
4.464999999999999858e+00	7.880085011030897313e-01
4.474999999999999645e+00	7.782178598987082863e-01
4.485000000000000320e+00	7.702107682568031244e-01
4.495000000000000107e+00	7.646954512143538940e-01
4.504999999999999893e+00	7.623750244331415349e-01
4.514999999999999680e+00	7.639190994596076756e-01
4.525000000000000355e+00	7.699433466901002276e-01
4.535000000000000142e+00	7.809921706079253623e-01
4.544999999999999929e+00	7.975180338738534491e-01
4.554999999999999716e+00	8.198513285906181558e-01
4.565000000000000391e+00	8.480239386608312557e-01
4.575000000000000178e+00	8.823023668484680782e-01
4.584999999999999964e+00	9.223611107899873929e-01
4.594999999999999751e+00	9.672128841846751035e-01
4.605000000000000426e+00	1.015939931216554903e+00
4.615000000000000213e+00	1.067079776900109911e+00
4.625000000000000000e+00	1.118737719047551149e+00
4.634999999999999787e+00	1.168845531139169669e+00
4.644999999999999574e+00	1.214983524301723294e+00
4.655000000000000249e+00	1.254692009161530564e+00
4.665000000000000036e+00	1.285765158421363630e+00
4.674999999999999822e+00	1.306193409094380975e+00
4.684999999999999609e+00	1.314725148785914621e+00
4.695000000000000284e+00	1.310511973007213671e+00
4.705000000000000071e+00	1.293729942533263788e+00
4.714999999999999858e+00	1.265248676708661035e+00
4.724999999999999645e+00	1.227025363544300696e+00
4.735000000000000320e+00	1.181374496571840460e+00
4.745000000000000107e+00	1.131371453552630690e+00
4.754999999999999893e+00	1.080124325422843867e+00
4.764999999999999680e+00	1.030951873536857244e+00
4.775000000000000355e+00	9.871349249193709374e-01
4.785000000000000142e+00	9.510886515913464789e-01
4.794999999999999929e+00	9.249782074545999100e-01
4.804999999999999716e+00	9.098950565010091029e-01
4.815000000000000391e+00	9.063293012624134004e-01
4.825000000000000178e+00	9.139181169242621694e-01
4.834999999999999964e+00	9.315991581336100502e-01
4.844999999999999751e+00	9.578105001802905694e-01
4.855000000000000426e+00	9.905686520968483011e-01
4.865000000000000213e+00	1.027687320805762861e+00
4.875000000000000000e+00	1.067174595898503942e+00
4.884999999999999787e+00	1.107102624475200692e+00
4.894999999999999574e+00	1.145955685768529353e+00
4.905000000000000249e+00	1.182645897699381443e+00
4.915000000000000036e+00	1.216641786691307292e+00
4.924999999999999822e+00	1.247606412764204142e+00
4.934999999999999609e+00	1.275870990744141231e+00
4.945000000000000284e+00	1.301739679149044315e+00
4.955000000000000071e+00	1.325870647287248349e+00
4.964999999999999858e+00	1.348824156417071762e+00
4.974999999999999645e+00	1.371341879853023915e+00
4.985000000000000320e+00	1.393706638884486759e+00
4.995000000000000107e+00	1.416156353062341999e+00
5.004999999999999893e+00	1.438493864531059874e+00
5.014999999999999680e+00	1.460604867520601147e+00
5.025000000000000355e+00	1.481979292383714952e+00
5.035000000000000142e+00	1.501882637845318502e+00
5.044999999999999929e+00	1.519590778657429198e+00
5.054999999999999716e+00	1.534335873634022240e+00
5.065000000000000391e+00	1.545634539651277173e+00
5.075000000000000178e+00	1.552765859647814661e+00
5.084999999999999964e+00	1.555436870237660418e+00
5.094999999999999751e+00	1.553544456410947072e+00
5.105000000000000426e+00	1.547144012391458379e+00
5.115000000000000213e+00	1.536398336147196231e+00
5.125000000000000000e+00	1.521724958885647627e+00
5.134999999999999787e+00	1.503592771606860445e+00
5.144999999999999574e+00	1.482512907586535533e+00
5.155000000000000249e+00	1.458994023902292936e+00
5.165000000000000036e+00	1.433509461078841918e+00
5.174999999999999822e+00	1.406480026424631546e+00
5.184999999999999609e+00	1.378273058870161494e+00
5.195000000000000284e+00	1.349080625925017651e+00
5.205000000000000071e+00	1.319537329492961097e+00
5.214999999999999858e+00	1.289738409733394597e+00
5.224999999999999645e+00	1.260026775968537516e+00
5.235000000000000320e+00	1.230859312740199663e+00
5.245000000000000107e+00	1.202499337119911527e+00
5.254999999999999893e+00	1.175366539038185554e+00
5.264999999999999680e+00	1.149837758222670647e+00
5.275000000000000355e+00	1.126095573803230332e+00
5.285000000000000142e+00	1.104316908023238453e+00
5.294999999999999929e+00	1.084295762742544911e+00
5.304999999999999716e+00	1.065891489980399065e+00
5.315000000000000391e+00	1.048490092256036510e+00
5.325000000000000178e+00	1.031400832944068924e+00
5.334999999999999964e+00	1.013800198836107391e+00
5.344999999999999751e+00	9.948093218199407506e-01
5.355000000000000426e+00	9.735655773412956737e-01
5.365000000000000213e+00	9.495398873436063925e-01
5.375000000000000000e+00	9.222258912506227091e-01
5.384999999999999787e+00	8.911997297467141310e-01
5.394999999999999574e+00	8.568771281225349146e-01
5.405000000000000249e+00	8.196856334647945053e-01
5.415000000000000036e+00	7.804852189671973584e-01
5.424999999999999822e+00	7.403099046989717325e-01
5.434999999999999609e+00	7.004224714047175837e-01
5.445000000000000284e+00	6.621666850476913835e-01
5.455000000000000071e+00	6.268888841432982417e-01
5.464999999999999858e+00	5.957965039234461857e-01
5.474999999999999645e+00	5.701246855004800107e-01
5.485000000000000320e+00	5.507205238626815547e-01
5.495000000000000107e+00	5.384780872180529032e-01
5.504999999999999893e+00	5.338387204673524788e-01
5.514999999999999680e+00	5.375128667852463460e-01
5.525000000000000355e+00	5.496227016053550907e-01
5.535000000000000142e+00	5.706190033399554107e-01
5.544999999999999929e+00	6.005268040124354112e-01
5.554999999999999716e+00	6.394995780734695767e-01
5.565000000000000391e+00	6.872523448195868578e-01
5.575000000000000178e+00	7.433351096485217857e-01
5.584999999999999964e+00	8.069747370020556865e-01
5.594999999999999751e+00	8.770361080897506323e-01
5.605000000000000426e+00	9.519872611310686850e-01
5.615000000000000213e+00	1.030062530549167077e+00
5.625000000000000000e+00	1.109101929642750006e+00
5.634999999999999787e+00	1.186962742310195829e+00
5.644999999999999574e+00	1.261407420969890447e+00
5.655000000000000249e+00	1.330500982343565619e+00
5.665000000000000036e+00	1.392446685042110666e+00
5.674999999999999822e+00	1.445975570136873500e+00
5.684999999999999609e+00	1.490447298181304170e+00
5.695000000000000284e+00	1.525471724222865921e+00
5.705000000000000071e+00	1.551133414410416966e+00
5.714999999999999858e+00	1.567862676768782437e+00
5.724999999999999645e+00	1.576270183121717183e+00
5.735000000000000320e+00	1.576851744436506220e+00
5.745000000000000107e+00	1.570054324957600445e+00
5.754999999999999893e+00	1.556127100394716356e+00
5.764999999999999680e+00	1.535175202348116885e+00
5.775000000000000355e+00	1.506949133733490598e+00
5.785000000000000142e+00	1.471261472247392454e+00
5.794999999999999929e+00	1.427955662530664416e+00
5.804999999999999716e+00	1.376962560259644253e+00
5.815000000000000391e+00	1.318584210035625093e+00
5.825000000000000178e+00	1.253484022861800939e+00
5.834999999999999964e+00	1.182778890377570891e+00
5.844999999999999751e+00	1.107840261849674768e+00
5.855000000000000426e+00	1.030605896976128255e+00
5.865000000000000213e+00	9.529709916040413065e-01
5.875000000000000000e+00	8.770340865042046685e-01
5.884999999999999787e+00	8.046167623678146530e-01
5.894999999999999574e+00	7.374456135969351678e-01
5.905000000000000249e+00	6.769377265974894087e-01
5.915000000000000036e+00	6.239478862629852518e-01
5.924999999999999822e+00	5.791395452994051452e-01
5.934999999999999609e+00	5.426631048334636942e-01
5.945000000000000284e+00	5.143308437458737892e-01
5.955000000000000071e+00	4.938191886329846847e-01
5.964999999999999858e+00	4.805838404727195146e-01
5.974999999999999645e+00	4.740373285539034587e-01
5.985000000000000320e+00	4.736139282990526889e-01
5.995000000000000107e+00	4.787921679721111046e-01
6.004999999999999893e+00	4.889918374119797684e-01
6.014999999999999680e+00	5.036099646326372969e-01
6.025000000000000355e+00	5.224134712373540435e-01
6.035000000000000142e+00	5.449883096164044316e-01
6.044999999999999929e+00	5.710550548812975968e-01
6.054999999999999716e+00	6.003757774726670160e-01
6.065000000000000391e+00	6.327188931602807376e-01
6.075000000000000178e+00	6.679515530398490997e-01
6.084999999999999964e+00	7.058377508135622591e-01
6.094999999999999751e+00	7.462844826089072292e-01
6.105000000000000426e+00	7.887814264678640885e-01
6.115000000000000213e+00	8.331594079953545950e-01
6.125000000000000000e+00	8.787260388529722910e-01
6.134999999999999787e+00	9.250409010374007757e-01
6.145000000000000462e+00	9.711983730758939615e-01
6.155000000000000249e+00	1.016203506869613804e+00
6.165000000000000036e+00	1.058976117835393138e+00
6.174999999999999822e+00	1.098363200831890651e+00
6.184999999999999609e+00	1.133209120046193341e+00
6.195000000000000284e+00	1.162436531473726165e+00
6.205000000000000071e+00	1.185129536413040752e+00
6.214999999999999858e+00	1.200609541686974424e+00
6.224999999999999645e+00	1.208527039425352223e+00
6.235000000000000320e+00	1.208853996848860080e+00
6.245000000000000107e+00	1.201816817339294463e+00
6.254999999999999893e+00	1.188102095435398464e+00
6.264999999999999680e+00	1.168504486485338223e+00
6.275000000000000355e+00	1.144228497693111191e+00
6.285000000000000142e+00	1.116439346127841903e+00
6.294999999999999929e+00	1.086231673423548649e+00
6.304999999999999716e+00	1.054800005208678337e+00
6.315000000000000391e+00	1.022988606375337284e+00
6.325000000000000178e+00	9.915520132901516348e-01
6.334999999999999964e+00	9.609707700241618689e-01
6.344999999999999751e+00	9.314995943820441049e-01
6.355000000000000426e+00	9.032715577739132140e-01
6.365000000000000213e+00	8.761574302187166152e-01
6.375000000000000000e+00	8.500736940461735003e-01
6.384999999999999787e+00	8.250980457020777870e-01
6.395000000000000462e+00	8.012817693768531369e-01
6.405000000000000249e+00	7.788234937345506204e-01
6.415000000000000036e+00	7.582402830878701705e-01
6.424999999999999822e+00	7.401680443669172993e-01
6.434999999999999609e+00	7.252456339411217368e-01
6.445000000000000284e+00	7.143000133009401731e-01
6.455000000000000071e+00	7.079832771344310993e-01
6.464999999999999858e+00	7.068116104366269914e-01
6.474999999999999645e+00	7.110423217395792639e-01
6.485000000000000320e+00	7.205675640235574830e-01
6.495000000000000107e+00	7.351328505182318507e-01
6.504999999999999893e+00	7.538357909131354617e-01
6.514999999999999680e+00	7.756353746825406237e-01
6.525000000000000355e+00	7.993935315185565216e-01
6.535000000000000142e+00	8.236619083520367868e-01
6.544999999999999929e+00	8.472352026318579199e-01
6.554999999999999716e+00	8.688671700524829289e-01
6.565000000000000391e+00	8.875480622796271257e-01
6.575000000000000178e+00	9.026430926758945983e-01
6.584999999999999964e+00	9.137845014172876201e-01
6.594999999999999751e+00	9.208255877461931638e-01
6.605000000000000426e+00	9.241245779250168990e-01
6.615000000000000213e+00	9.240960582401254175e-01
6.625000000000000000e+00	9.214796909534898051e-01
6.634999999999999787e+00	9.169709185135875851e-01
6.645000000000000462e+00	9.113396668484881058e-01
6.655000000000000249e+00	9.053054644733099510e-01
6.665000000000000036e+00	8.994903281195361089e-01
6.674999999999999822e+00	8.943916328820211703e-01
6.684999999999999609e+00	8.903750941764658755e-01
6.695000000000000284e+00	8.876849355439878630e-01
6.705000000000000071e+00	8.863872532909300439e-01
6.714999999999999858e+00	8.867251151729196312e-01
6.724999999999999645e+00	8.886428735607643237e-01
6.735000000000000320e+00	8.921596642393603283e-01
6.745000000000000107e+00	8.972193091961540024e-01
6.754999999999999893e+00	9.037024229413619381e-01
6.764999999999999680e+00	9.115269167428482477e-01
6.775000000000000355e+00	9.204397247865672149e-01
6.785000000000000142e+00	9.300443836015841459e-01
6.794999999999999929e+00	9.398248980128944829e-01
6.804999999999999716e+00	9.490834493127752181e-01
6.815000000000000391e+00	9.569733289168165236e-01
6.825000000000000178e+00	9.625434906622333253e-01
6.834999999999999964e+00	9.647909560391062511e-01
6.844999999999999751e+00	9.627990288844482381e-01
6.855000000000000426e+00	9.558662805098007142e-01
6.865000000000000213e+00	9.434696201321252085e-01
6.875000000000000000e+00	9.254358741604264971e-01
6.884999999999999787e+00	9.020265249608184766e-01
6.895000000000000462e+00	8.740434931261655827e-01
6.905000000000000249e+00	8.424306039581100913e-01
6.915000000000000036e+00	8.086862418113694995e-01
6.924999999999999822e+00	7.743874445859573186e-01
6.934999999999999609e+00	7.412334301114830160e-01
6.945000000000000284e+00	7.107774924549521423e-01
6.955000000000000071e+00	6.844520954236293919e-01
6.964999999999999858e+00	6.633049257236163232e-01
6.974999999999999645e+00	6.481241185786927872e-01
6.985000000000000320e+00	6.391635668572525075e-01
6.995000000000000107e+00	6.363405244100136526e-01
7.004999999999999893e+00	6.392900776592644885e-01
7.014999999999999680e+00	6.476237759314886766e-01
7.025000000000000355e+00	6.605846195197879744e-01
7.035000000000000142e+00	6.776805599094541943e-01
7.044999999999999929e+00	6.986641131244731850e-01
7.054999999999999716e+00	7.232596096549781528e-01
7.065000000000000391e+00	7.516869287385732346e-01
7.075000000000000178e+00	7.840526495403197238e-01
7.084999999999999964e+00	8.206929630761988781e-01
7.094999999999999751e+00	8.618556502728735857e-01
7.105000000000000426e+00	9.075566104590642169e-01
7.115000000000000213e+00	9.577568522394267481e-01
7.125000000000000000e+00	1.011508173905244723e+00
7.134999999999999787e+00	1.067813567929634111e+00
7.145000000000000462e+00	1.125033408329369156e+00
7.155000000000000249e+00	1.181240227851209967e+00
7.165000000000000036e+00	1.234482259188444120e+00
7.174999999999999822e+00	1.282410222037776215e+00
7.184999999999999609e+00	1.323071538752680132e+00
7.195000000000000284e+00	1.354915885075210547e+00
7.205000000000000071e+00	1.376938798719048007e+00
7.214999999999999858e+00	1.388627332733116004e+00
7.224999999999999645e+00	1.390303147893403590e+00
7.235000000000000320e+00	1.382872825031801645e+00
7.245000000000000107e+00	1.367888867320109947e+00
7.254999999999999893e+00	1.347330952766284007e+00
7.264999999999999680e+00	1.323443421682150456e+00
7.275000000000000355e+00	1.298640312470056069e+00
7.285000000000000142e+00	1.275048706804111198e+00
7.294999999999999929e+00	1.254606042937914223e+00
7.304999999999999716e+00	1.238895096240310023e+00
7.315000000000000391e+00	1.229041002993036313e+00
7.325000000000000178e+00	1.225566232335055128e+00
7.334999999999999964e+00	1.228568946541026108e+00
7.344999999999999751e+00	1.237552535095149064e+00
7.355000000000000426e+00	1.251776376689784032e+00
7.365000000000000213e+00	1.270159454757280093e+00
7.375000000000000000e+00	1.291257731748983506e+00
7.384999999999999787e+00	1.313750495905618987e+00
7.395000000000000462e+00	1.336071310606370188e+00
7.405000000000000249e+00	1.356947044688681991e+00
7.415000000000000036e+00	1.375155378192325362e+00
7.424999999999999822e+00	1.389825386232430127e+00
7.434999999999999609e+00	1.400390153923301240e+00
7.445000000000000284e+00	1.406560707746159045e+00
7.455000000000000071e+00	1.408513795951777947e+00
7.464999999999999858e+00	1.406496325282444504e+00
7.474999999999999645e+00	1.401151231175563172e+00
7.485000000000000320e+00	1.393345599283461800e+00
7.495000000000000107e+00	1.383905379132170266e+00
7.504999999999999893e+00	1.373658774700133867e+00
7.514999999999999680e+00	1.363608854903471945e+00
7.525000000000000355e+00	1.354202689604691701e+00
7.535000000000000142e+00	1.346005754884347816e+00
7.544999999999999929e+00	1.339203853878684125e+00
7.554999999999999716e+00	1.333889777748450189e+00
7.565000000000000391e+00	1.329911176606574541e+00
7.575000000000000178e+00	1.326956055178156291e+00
7.584999999999999964e+00	1.324596435865654342e+00
7.594999999999999751e+00	1.322412278086912085e+00
7.605000000000000426e+00	1.319985767194635118e+00
7.615000000000000213e+00	1.316911811096391771e+00
7.625000000000000000e+00	1.312854770296199458e+00
7.634999999999999787e+00	1.307738471507359668e+00
7.645000000000000462e+00	1.301276290579932438e+00
7.655000000000000249e+00	1.293598743205146118e+00
7.665000000000000036e+00	1.284627786258136783e+00
7.674999999999999822e+00	1.274528860574274614e+00
7.684999999999999609e+00	1.263616914383869361e+00
7.695000000000000284e+00	1.252026039182518424e+00
7.705000000000000071e+00	1.240052031242290687e+00
7.714999999999999858e+00	1.227977436828666669e+00
7.724999999999999645e+00	1.215998858547233663e+00
7.735000000000000320e+00	1.204607306394796407e+00
7.745000000000000107e+00	1.193899152210338377e+00
7.754999999999999893e+00	1.184201953886292236e+00
7.764999999999999680e+00	1.175747796009252388e+00
7.775000000000000355e+00	1.168639084852387988e+00
7.785000000000000142e+00	1.163235338342927916e+00
7.794999999999999929e+00	1.159606593711514533e+00
7.804999999999999716e+00	1.157903064302430618e+00
7.815000000000000391e+00	1.158154535778668226e+00
7.825000000000000178e+00	1.160379045582672131e+00
7.834999999999999964e+00	1.164419380381195968e+00
7.844999999999999751e+00	1.170010057963160266e+00
7.855000000000000426e+00	1.176685765343592482e+00
7.865000000000000213e+00	1.183822154487307543e+00
7.875000000000000000e+00	1.190614505793177180e+00
7.884999999999999787e+00	1.196046341287195780e+00
7.895000000000000462e+00	1.199158043455480271e+00
7.905000000000000249e+00	1.198823979559958008e+00
7.915000000000000036e+00	1.193953351769496907e+00
7.924999999999999822e+00	1.183624957672464895e+00
7.935000000000000497e+00	1.167244835685300908e+00
7.945000000000000284e+00	1.144454099412176795e+00
7.955000000000000071e+00	1.115399917546063380e+00
7.964999999999999858e+00	1.080524270910620199e+00
7.974999999999999645e+00	1.040648289502509760e+00
7.985000000000000320e+00	9.969011125178670607e-01
7.995000000000000107e+00	9.506725468112703359e-01
8.005000000000000782e+00	9.035399500816142515e-01
8.015000000000000568e+00	8.568418363529364257e-01
8.025000000000000355e+00	8.119770902234675347e-01
8.035000000000000142e+00	7.699909666765510918e-01
8.045000000000001705e+00	7.316726642215113374e-01
8.055000000000001492e+00	6.975541427653734194e-01
8.065000000000001279e+00	6.677827363823587437e-01
8.075000000000001066e+00	6.424947854478655351e-01
8.085000000000000853e+00	6.214768265293998395e-01
8.095000000000000639e+00	6.045618020605296739e-01
8.105000000000000426e+00	5.916404437216074008e-01
8.115000000000000213e+00	5.826311408304726269e-01
8.125000000000001776e+00	5.776829263492992972e-01
8.135000000000001563e+00	5.770261783082547558e-01
8.145000000000001350e+00	5.809395144445481662e-01
8.155000000000001137e+00	5.896607980034870300e-01
8.165000000000000924e+00	6.033588896467909635e-01
8.175000000000000711e+00	6.219038653553199403e-01
8.185000000000000497e+00	6.450239774195558606e-01
8.195000000000000284e+00	6.718602627920116088e-01
8.205000000000000071e+00	7.012862479324509790e-01
8.215000000000001634e+00	7.317878232618132417e-01
8.225000000000001421e+00	7.614952970916680774e-01
8.235000000000001208e+00	7.884823507156192290e-01
8.245000000000000995e+00	8.108572931755720914e-01
8.255000000000000782e+00	8.269599811654511079e-01
8.265000000000000568e+00	8.353183671802824062e-01
8.275000000000000355e+00	8.353048858360643258e-01
8.285000000000000142e+00	8.266008648421188099e-01
8.295000000000001705e+00	8.096466762736274081e-01
8.305000000000001492e+00	7.855998134537890421e-01
8.315000000000001279e+00	7.560625012055012251e-01
8.325000000000001066e+00	7.231261422142120088e-01
8.335000000000000853e+00	6.890311721354824837e-01
8.345000000000000639e+00	6.561724826782442399e-01
8.355000000000000426e+00	6.266884281228556342e-01
8.365000000000000213e+00	6.024682261725525789e-01
8.375000000000001776e+00	5.848901207570158522e-01
8.385000000000001563e+00	5.748629117631843810e-01
8.395000000000001350e+00	5.726169763381754318e-01
8.405000000000001137e+00	5.777419607290019687e-01
8.415000000000000924e+00	5.892646441919071609e-01
8.425000000000000711e+00	6.059157191144642907e-01
8.435000000000000497e+00	6.259224214205243442e-01
8.445000000000000284e+00	6.473754448965435282e-01
8.455000000000000071e+00	6.683639896394626412e-01
8.465000000000001634e+00	6.871085788488220381e-01
8.475000000000001421e+00	7.021281974335337184e-01
8.485000000000001208e+00	7.123869427976032842e-01
8.495000000000000995e+00	7.172693005740262695e-01
8.505000000000000782e+00	7.167480777165476935e-01
8.515000000000000568e+00	7.113620756024651159e-01
8.525000000000000355e+00	7.020811693404905851e-01
8.535000000000000142e+00	6.902572285287815745e-01
8.545000000000001705e+00	6.775988526391443223e-01
8.555000000000001492e+00	6.658577031260165535e-01
8.565000000000001279e+00	6.567699191994100794e-01
8.575000000000001066e+00	6.519547198089654660e-01
8.585000000000000853e+00	6.527488435772152986e-01
8.595000000000000639e+00	6.601447349568392298e-01
8.605000000000000426e+00	6.744655671584003365e-01
8.615000000000000213e+00	6.957698577015296593e-01
8.625000000000001776e+00	7.235864176940507431e-01
8.635000000000001563e+00	7.569846433499674010e-01
8.645000000000001350e+00	7.946903088717455210e-01
8.655000000000001137e+00	8.351880214888514065e-01
8.665000000000000924e+00	8.768428021226059021e-01
8.675000000000000711e+00	9.178483765553491214e-01
8.685000000000000497e+00	9.565574434688073335e-01
8.695000000000000284e+00	9.915389904045315284e-01
8.705000000000001847e+00	1.021419784469604908e+00
8.715000000000001634e+00	1.045216797181748980e+00
8.725000000000001421e+00	1.062311557319182365e+00
8.735000000000001208e+00	1.072414113323982177e+00
8.745000000000000995e+00	1.075565717923666398e+00
8.755000000000000782e+00	1.072111809594682219e+00
8.765000000000000568e+00	1.062677391146812811e+00
8.775000000000000355e+00	1.048090747500196374e+00
8.785000000000000142e+00	1.029377536940490945e+00
8.795000000000001705e+00	1.007602952207272029e+00
8.805000000000001492e+00	9.840586460006465197e-01
8.815000000000001279e+00	9.597598092444726836e-01
8.825000000000001066e+00	9.359106442791511604e-01
8.835000000000000853e+00	9.136809267556620373e-01
8.845000000000000639e+00	8.939898746222290082e-01
8.855000000000000426e+00	8.777279143133172035e-01
8.865000000000000213e+00	8.656119799213762844e-01
8.875000000000001776e+00	8.581577571594684040e-01
8.885000000000001563e+00	8.556429180723187367e-01
8.895000000000001350e+00	8.580752806006222144e-01
8.905000000000001137e+00	8.651712304718545132e-01
8.915000000000000924e+00	8.763823458905489749e-01
8.925000000000000711e+00	8.908017979551979826e-01
8.935000000000000497e+00	9.073209916392460661e-01
8.945000000000000284e+00	9.247005203179282651e-01
8.955000000000001847e+00	9.415324763542483044e-01
8.965000000000001634e+00	9.563888917624867592e-01
8.975000000000001421e+00	9.679291822131570466e-01
8.985000000000001208e+00	9.749881531714419403e-01
8.995000000000000995e+00	9.766777597025153579e-01
9.005000000000000782e+00	9.723568123303568678e-01
9.015000000000000568e+00	9.617290474540713952e-01
9.025000000000000355e+00	9.448721766280357981e-01
9.035000000000000142e+00	9.221108750178181879e-01
9.045000000000001705e+00	8.941051749360215961e-01
9.055000000000001492e+00	8.616877038434450631e-01
9.065000000000001279e+00	8.259031947622895720e-01
9.075000000000001066e+00	7.878280645043068686e-01
9.085000000000000853e+00	7.486310085256996372e-01
9.095000000000000639e+00	7.094947315223900652e-01
9.105000000000000426e+00	6.717585229349880560e-01
9.115000000000000213e+00	6.363083742941373355e-01
9.125000000000001776e+00	6.041743388451720209e-01
9.135000000000001563e+00	5.763621133312822886e-01
9.145000000000001350e+00	5.537152207854575403e-01
9.155000000000001137e+00	5.368756401922433197e-01
9.165000000000000924e+00	5.264437470953469145e-01
9.175000000000000711e+00	5.228295144085465251e-01
9.185000000000000497e+00	5.261456726982871590e-01
9.195000000000000284e+00	5.364868443063899317e-01
9.205000000000001847e+00	5.536478368948128947e-01
9.215000000000001634e+00	5.773996049347658310e-01
9.225000000000001421e+00	6.072841477877455318e-01
9.235000000000001208e+00	6.427686461510284666e-01
9.245000000000000995e+00	6.833824314926180143e-01
9.255000000000000782e+00	7.283612921281406027e-01
9.265000000000000568e+00	7.771169195950649033e-01
9.275000000000000355e+00	8.289551816387684680e-01
9.285000000000000142e+00	8.832791495309101348e-01
9.295000000000001705e+00	9.393266033604388277e-01
9.305000000000001492e+00	9.962637758232462115e-01
9.315000000000001279e+00	1.053322212659499435e+00
9.325000000000001066e+00	1.109498106251342708e+00
9.335000000000000853e+00	1.163645411807141539e+00
9.345000000000000639e+00	1.214483475266119106e+00
9.355000000000000426e+00	1.260769071420759335e+00
9.365000000000000213e+00	1.301162358811476238e+00
9.375000000000001776e+00	1.334482131438603281e+00
9.385000000000001563e+00	1.359530530565353335e+00
9.395000000000001350e+00	1.375491948964840505e+00
9.405000000000001137e+00	1.381871307015309247e+00
9.415000000000000924e+00	1.378597426147789129e+00
9.425000000000000711e+00	1.366100076141089747e+00
9.435000000000000497e+00	1.344969451989105336e+00
9.445000000000000284e+00	1.316408728752916923e+00
9.455000000000001847e+00	1.281844234353984424e+00
9.465000000000001634e+00	1.242956617078358139e+00
9.475000000000001421e+00	1.201544131994033426e+00
9.485000000000001208e+00	1.159394401495484006e+00
9.495000000000000995e+00	1.118287575268798406e+00
9.505000000000000782e+00	1.079860927863153242e+00
9.515000000000000568e+00	1.045587810603555212e+00
9.525000000000000355e+00	1.016702836007651545e+00
9.535000000000000142e+00	9.942556831991045119e-01
9.545000000000001705e+00	9.789497653051574266e-01
9.555000000000001492e+00	9.712813450247123059e-01
9.565000000000001279e+00	9.714153820752737811e-01
9.575000000000001066e+00	9.792570550997069523e-01
9.585000000000000853e+00	9.943167617834636207e-01
9.595000000000000639e+00	1.015827058669079630e+00
9.605000000000000426e+00	1.042602222366312947e+00
9.615000000000000213e+00	1.073260235057955869e+00
9.625000000000001776e+00	1.106173622040892868e+00
9.635000000000001563e+00	1.139453961706470730e+00
9.645000000000001350e+00	1.171177976137794730e+00
9.655000000000001137e+00	1.199531185222838747e+00
9.665000000000000924e+00	1.222841949993204391e+00
9.675000000000000711e+00	1.239709219249898187e+00
9.685000000000000497e+00	1.248944697857421016e+00
9.695000000000000284e+00	1.249985804001509049e+00
9.705000000000001847e+00	1.242647404392186905e+00
9.715000000000001634e+00	1.227148292904123528e+00
9.725000000000001421e+00	1.204512921626196942e+00
9.735000000000001208e+00	1.175621165319295613e+00
9.745000000000000995e+00	1.141732831561278250e+00
9.755000000000000782e+00	1.104373865663332177e+00
9.765000000000000568e+00	1.065125468653648211e+00
9.775000000000000355e+00	1.025534753245512354e+00
9.785000000000000142e+00	9.870585052904258250e-01
9.795000000000001705e+00	9.511069410731110008e-01
9.805000000000001492e+00	9.188109372752487625e-01
9.815000000000001279e+00	8.911868327412687529e-01
9.825000000000001066e+00	8.690669149195614507e-01
9.835000000000000853e+00	8.531635953927216853e-01
9.845000000000000639e+00	8.439790734171458420e-01
9.855000000000000426e+00	8.418218655647025095e-01
9.865000000000000213e+00	8.470567692516008940e-01
9.875000000000001776e+00	8.595558548069299754e-01
9.885000000000001563e+00	8.790676122536896786e-01
9.895000000000001350e+00	9.050491045935831202e-01
9.905000000000001137e+00	9.366675983108273540e-01
9.915000000000000924e+00	9.727609975218669547e-01
9.925000000000000711e+00	1.011888197603359352e+00
9.935000000000000497e+00	1.052273652085321975e+00
9.945000000000000284e+00	1.092019340145414796e+00
9.955000000000001847e+00	1.129172778833108515e+00
9.965000000000001634e+00	1.161678086631390272e+00
9.975000000000001421e+00	1.187907055764910069e+00
9.985000000000001208e+00	1.206208403219205971e+00
9.995000000000000995e+00	1.215653559966484387e+00
